generation,min_fitness
1,44.66612708389915
2,44.14795030791754
3,39.4530903409366
4,39.4530903409366
5,38.760060756894326
6,38.760060756894326
7,38.22493610852288
8,37.43580918032148
9,37.43580918032148
10,37.43580918032148
11,37.43580918032148
12,37.43580918032148
13,37.43580918032148
14,37.43580918032148
15,37.43580918032148
16,37.14003338733111
17,37.14003338733111
18,37.14003338733111
19,37.14003338733111
20,37.02385340021319
21,36.5244674904987
22,36.28499729118616
23,36.28499729118616
24,35.842041644642435
25,35.309366918803335
26,35.309366918803335
27,35.309366918803335
28,35.309366918803335
29,35.309366918803335
30,35.309366918803335
31,35.309366918803335
32,35.309366918803335
33,35.309366918803335
34,35.309366918803335
35,34.57288089294435
36,34.57288089294435
37,34.464766540148155
38,34.464766540148155
39,34.39370259979712
40,34.39370259979712
41,34.39370259979712
42,34.39370259979712
43,34.39370259979712
44,34.39370259979712
45,34.39370259979712
46,34.39370259979712
47,34.19482407748723
48,34.19482407748723
49,34.07771542765661
50,33.87883690534672
51,33.617163689834214
52,33.32543823845592
53,33.32543823845592
54,33.32543823845592
55,33.32543823845592
56,33.32543823845592
57,33.32543823845592
58,33.32543823845592
59,33.32543823845592
60,33.32543823845592
61,33.32543823845592
62,33.32543823845592
63,33.32543823845592
64,33.32543823845592
65,33.32543823845592
66,33.32543823845592
67,33.32543823845592
68,33.32543823845592
69,33.32543823845592
70,33.32543823845592
71,33.32543823845592
72,33.32543823845592
73,33.32543823845592
74,33.32543823845592
75,33.32543823845592
76,33.32543823845592
77,33.32543823845592
78,33.32543823845592
79,33.32543823845592
80,33.32543823845592
81,33.32543823845592
82,33.32543823845592
83,33.32543823845592
84,33.10034639943713
85,33.10034639943713
86,33.10034639943713
87,33.10034639943713
88,32.24266124698691
89,32.24266124698691
90,32.24266124698691
91,31.54343114712192
92,31.54343114712192
93,31.150414578407844
94,31.150414578407844
95,31.047233344123352
96,31.047233344123352
97,31.047233344123352
98,31.047233344123352
99,31.047233344123352
100,31.047233344123352
101,31.047233344123352
102,31.047233344123352
103,31.047233344123352
104,31.047233344123352
105,31.047233344123352
106,31.047233344123352
107,31.047233344123352
108,31.047233344123352
109,31.047233344123352
110,31.047233344123352
111,31.047233344123352
112,31.047233344123352
113,31.047233344123352
114,31.047233344123352
115,31.047233344123352
116,31.047233344123352
117,31.047233344123352
118,31.047233344123352
119,31.047233344123352
120,31.047233344123352
121,31.047233344123352
122,31.047233344123352
123,31.047233344123352
124,31.047233344123352
125,31.047233344123352
126,31.047233344123352
127,31.047233344123352
128,31.047233344123352
129,31.047233344123352
130,31.047233344123352
131,30.779412384642903
132,30.779412384642903
133,30.779412384642903
134,30.779412384642903
135,30.779412384642903
136,30.779412384642903
137,30.779412384642903
138,30.376907404835613
139,30.376907404835613
140,30.376907404835613
141,30.376907404835613
142,30.376907404835613
143,30.376907404835613
144,30.376907404835613
145,30.376907404835613
146,30.376907404835613
147,30.167799731124425
148,30.167799731124425
149,30.167799731124425
150,30.167799731124425
151,30.167799731124425
152,30.167799731124425
153,30.167799731124425
154,30.167799731124425
155,30.167799731124425
156,30.167799731124425
157,30.167799731124425
158,30.167799731124425
159,30.167799731124425
160,30.167799731124425
161,30.167799731124425
162,30.167799731124425
163,30.167799731124425
164,30.167799731124425
165,30.167799731124425
166,30.167799731124425
167,30.167799731124425
168,30.167799731124425
169,30.167799731124425
170,30.167799731124425
171,30.167799731124425
172,30.167799731124425
173,30.167799731124425
174,30.167799731124425
175,30.167799731124425
176,30.167799731124425
177,30.167799731124425
178,30.167799731124425
179,30.167799731124425
180,30.167799731124425
181,30.167799731124425
182,30.167799731124425
183,30.167799731124425
184,30.167799731124425
185,30.167799731124425
186,30.167799731124425
187,30.167799731124425
188,30.167799731124425
189,30.167799731124425
190,30.167799731124425
191,30.167799731124425
192,29.828890416049116
193,29.828890416049116
194,29.828890416049116
195,29.828890416049116
196,29.828890416049116
197,29.828890416049116
198,29.828890416049116
199,29.828890416049116
200,29.828890416049116
201,29.828890416049116
202,29.828890416049116
203,29.828890416049116
204,29.828890416049116
205,29.828890416049116
206,29.828890416049116
207,29.828890416049116
208,29.828890416049116
209,29.828890416049116
210,29.828890416049116
211,29.828890416049116
212,29.828890416049116
213,29.828890416049116
214,29.828890416049116
215,29.828890416049116
216,29.828890416049116
217,29.828890416049116
218,29.828890416049116
219,29.828890416049116
220,29.828890416049116
221,29.828890416049116
222,29.828890416049116
223,29.828890416049116
224,29.828890416049116
225,29.828890416049116
226,29.828890416049116
227,29.828890416049116
228,29.828890416049116
229,29.828890416049116
230,29.828890416049116
231,29.828890416049116
232,29.828890416049116
233,29.828890416049116
234,29.828890416049116
235,29.828890416049116
236,29.828890416049116
237,29.828890416049116
238,29.828890416049116
239,29.828890416049116
240,29.828890416049116
241,29.828890416049116
242,29.828890416049116
243,29.828890416049116
244,29.828890416049116
245,29.828890416049116
246,29.828890416049116
247,29.828890416049116
248,29.828890416049116
249,29.828890416049116
250,29.828890416049116
251,29.828890416049116
252,29.828890416049116
253,29.828890416049116
254,29.828890416049116
255,29.828890416049116
256,29.828890416049116
257,29.823875058589742
258,29.823875058589742
259,29.823875058589742
260,29.823875058589742
261,29.823875058589742
262,29.823875058589742
263,29.72480895779146
264,29.548784122206463
265,29.548784122206463
266,29.548784122206463
267,29.548784122206463
268,29.548784122206463
269,29.548784122206463
270,29.548784122206463
271,29.548784122206463
272,29.548784122206463
273,29.548784122206463
274,29.548784122206463
275,29.548784122206463
276,29.522419200949148
277,29.522419200949148
278,29.419110032105717
279,28.75074937977098
280,28.527946073818715
281,28.40908518529788
282,27.83751717425776
283,27.83751717425776
284,27.83751717425776
285,27.83751717425776
286,27.83751717425776
287,27.83751717425776
288,27.83751717425776
289,27.83751717425776
290,27.83751717425776
291,27.83751717425776
292,27.83751717425776
293,27.83751717425776
294,27.83751717425776
295,27.83751717425776
296,27.83751717425776
297,27.83751717425776
298,27.83751717425776
299,27.83751717425776
300,27.83751717425776
301,27.83751717425776
302,27.83751717425776
303,27.83751717425776
304,27.83751717425776
305,27.83699613696557
306,27.69009235942243
307,27.69009235942243
308,27.68957132213024
309,27.68957132213024
310,27.68957132213024
311,27.68957132213024
312,27.68957132213024
313,27.68957132213024
314,27.68957132213024
315,27.68957132213024
316,27.387436271855236
317,27.387436271855236
318,27.387436271855236
319,27.387436271855236
320,27.387436271855236
321,27.387436271855236
322,27.387436271855236
323,27.387436271855236
324,27.387436271855236
325,27.387436271855236
326,27.387436271855236
327,27.387436271855236
328,27.387436271855236
329,27.387436271855236
330,27.31047139029149
331,27.29801990474874
332,27.29801990474874
333,27.221055023184995
334,27.221055023184995
335,27.221055023184995
336,27.221055023184995
337,27.221055023184995
338,27.221055023184995
339,27.221055023184995
340,27.221055023184995
341,27.221055023184995
342,27.221055023184995
343,27.221055023184995
344,27.221055023184995
345,27.221055023184995
346,27.221055023184995
347,27.221055023184995
348,27.221055023184995
349,27.21245366445371
350,27.21245366445371
351,27.21245366445371
352,27.21245366445371
353,27.21245366445371
354,27.21245366445371
355,27.21245366445371
356,27.21245366445371
357,27.21245366445371
358,27.21245366445371
359,27.21245366445371
360,27.21245366445371
361,27.21245366445371
362,27.21245366445371
363,27.21245366445371
364,27.21245366445371
365,27.21245366445371
366,27.21245366445371
367,27.21245366445371
368,27.21245366445371
369,27.21245366445371
370,27.21245366445371
371,27.209931105505845
372,27.209931105505845
373,27.209931105505845
374,27.209931105505845
375,27.209931105505845
376,27.209931105505845
377,27.209931105505845
378,27.209931105505845
379,27.209931105505845
380,27.209931105505845
381,27.209931105505845
382,27.209931105505845
383,27.209931105505845
384,27.209931105505845
385,27.209931105505845
386,27.209931105505845
387,27.209931105505845
388,27.209931105505845
389,27.209931105505845
390,27.209931105505845
391,27.209931105505845
392,27.209931105505845
393,27.209931105505845
394,27.209931105505845
395,27.209931105505845
396,27.209931105505845
397,27.209931105505845
398,27.209931105505845
399,27.209931105505845
400,27.209931105505845
401,27.209931105505845
402,27.209931105505845
403,27.209931105505845
404,27.209931105505845
405,27.209931105505845
406,27.209931105505845
407,27.209931105505845
408,27.209931105505845
409,27.209931105505845
410,27.209931105505845
411,27.209931105505845
412,27.182599703040736
413,27.182599703040736
414,27.182599703040736
415,27.182599703040736
416,27.182599703040736
417,27.182599703040736
418,27.182599703040736
419,27.182599703040736
420,27.182599703040736
421,27.182599703040736
422,27.182599703040736
423,27.182599703040736
424,27.182599703040736
425,27.17104439380143
426,27.17104439380143
427,27.17104439380143
428,27.15738390548772
429,27.101375880828513
430,27.025394613423437
431,26.969386588764237
432,26.969386588764237
433,26.969386588764237
434,26.969386588764237
435,26.969386588764237
436,26.969386588764237
437,26.565195119322198
438,26.565195119322198
439,26.560895505213153
440,26.560895505213153
441,26.560895505213153
442,26.312330273171092
443,26.312330273171092
444,26.312330273171092
445,26.312330273171092
446,26.312330273171092
447,26.312330273171092
448,26.312330273171092
449,26.312330273171092
450,26.312330273171092
451,26.312330273171092
452,26.168043772863896
453,26.168043772863896
454,26.168043772863896
455,26.168043772863896
456,26.168043772863896
457,26.138583874313426
458,25.97871512841717
459,25.97871512841717
460,25.97871512841717
461,25.97871512841717
462,25.97871512841717
463,25.97871512841717
464,25.97871512841717
465,25.97871512841717
466,25.97871512841717
467,25.97871512841717
468,25.96690320327165
469,25.96690320327165
470,25.96690320327165
471,25.96690320327165
472,25.723668260975472
473,25.723668260975472
474,25.45911454877005
475,25.45911454877005
476,25.45911454877005
477,25.45911454877005
478,25.45911454877005
479,25.45911454877005
480,25.45911454877005
481,25.45911454877005
482,25.205818335455394
483,25.205818335455394
484,25.133774299911746
485,25.133774299911746
486,25.133774299911746
487,25.133774299911746
488,25.133774299911746
489,25.133774299911746
490,25.133774299911746
491,25.133774299911746
492,25.133774299911746
493,25.133774299911746
494,25.133774299911746
495,25.133774299911746
496,25.133774299911746
497,25.133774299911746
498,25.133774299911746
499,25.133774299911746
500,25.133774299911746
501,25.133774299911746
502,25.133774299911746
503,25.133774299911746
504,25.133774299911746
505,25.133774299911746
506,25.133774299911746
507,25.133774299911746
508,25.133774299911746
509,25.133774299911746
510,25.133774299911746
511,25.133774299911746
512,25.133774299911746
513,25.133774299911746
514,25.133774299911746
515,25.133774299911746
516,25.133774299911746
517,25.133774299911746
518,25.133774299911746
519,25.133774299911746
520,25.133774299911746
521,25.133774299911746
522,25.133774299911746
523,25.133774299911746
524,25.133774299911746
525,25.133774299911746
526,25.133774299911746
527,25.133774299911746
528,25.133774299911746
529,24.974006112479604
530,24.974006112479604
531,24.974006112479604
532,24.974006112479604
533,24.974006112479604
534,24.974006112479604
535,24.974006112479604
536,24.974006112479604
537,24.974006112479604
538,24.974006112479604
539,24.735890634763848
540,24.735890634763848
541,24.71453384620543
542,24.71453384620543
543,24.665889478869648
544,24.665889478869648
545,24.665889478869648
546,24.665889478869648
547,24.665889478869648
548,24.605087817350284
549,24.605087817350284
550,24.605087817350284
551,24.605087817350284
552,24.605087817350284
553,24.544301276367293
554,24.544301276367293
555,24.544301276367293
556,24.544301276367293
557,24.544301276367293
558,24.544301276367293
559,24.544301276367293
560,24.544301276367293
561,24.544301276367293
562,24.544301276367293
563,24.544301276367293
564,24.544301276367293
565,24.544301276367293
566,24.544301276367293
567,24.544301276367293
568,24.544301276367293
569,24.544301276367293
570,24.544301276367293
571,24.544301276367293
572,24.544301276367293
573,24.544301276367293
574,24.544301276367293
575,24.544301276367293
576,24.544301276367293
577,24.544301276367293
578,24.544301276367293
579,24.544301276367293
580,24.544301276367293
581,24.544301276367293
582,24.544301276367293
583,24.544301276367293
584,24.544301276367293
585,24.544301276367293
586,24.544301276367293
587,24.544301276367293
588,24.544301276367293
589,24.544301276367293
590,24.544301276367293
591,24.544301276367293
592,24.544301276367293
593,24.544301276367293
594,24.544301276367293
595,24.544301276367293
596,24.544301276367293
597,24.544301276367293
598,24.544301276367293
599,24.544301276367293
600,24.544301276367293
601,24.544301276367293
602,24.544301276367293
603,24.544301276367293
604,24.544301276367293
605,24.544301276367293
606,24.544301276367293
607,24.544301276367293
608,24.544301276367293
609,24.544301276367293
610,24.544301276367293
611,24.544301276367293
612,24.544301276367293
613,24.544301276367293
614,24.544301276367293
615,24.544301276367293
616,24.544301276367293
617,24.544301276367293
618,24.544301276367293
619,24.544301276367293
620,24.544301276367293
621,24.544301276367293
622,24.544301276367293
623,24.544301276367293
624,24.52225774658763
625,24.52225774658763
626,24.52225774658763
627,24.52225774658763
628,24.52225774658763
629,24.52225774658763
630,24.52225774658763
631,24.52225774658763
632,24.28564998833849
633,24.284011428570608
634,24.24257645630798
635,24.07844196027854
636,24.07844196027854
637,24.04339408924961
638,24.000320557219105
639,23.687820483278966
640,23.60969908021953
641,23.60969908021953
642,23.60969908021953
643,23.60969908021953
644,23.60969908021953
645,23.60969908021953
646,23.60969908021953
647,23.60969908021953
648,23.60969908021953
649,23.60969908021953
650,23.60969908021953
651,23.60969908021953
652,23.60969908021953
653,23.60969908021953
654,23.60969908021953
655,23.60969908021953
656,23.60969908021953
657,23.60969908021953
658,23.60969908021953
659,23.60969908021953
660,23.60969908021953
661,23.60969908021953
662,23.60969908021953
663,23.60969908021953
664,23.60969908021953
665,23.60969908021953
666,23.60969908021953
667,23.60969908021953
668,23.60969908021953
669,23.60969908021953
670,23.60969908021953
671,23.60969908021953
672,23.60969908021953
673,23.60969908021953
674,23.60969908021953
675,23.60969908021953
676,23.60969908021953
677,23.60969908021953
678,23.60969908021953
679,23.60969908021953
680,23.60969908021953
681,23.60969908021953
682,23.60969908021953
683,23.60969908021953
684,23.60969908021953
685,23.60969908021953
686,23.60969908021953
687,23.60969908021953
688,23.60969908021953
689,23.605499689123217
690,23.605499689123217
691,23.436109158300727
692,23.436109158300727
693,23.41295040599422
694,23.347952483854453
695,23.34285243805485
696,23.291115821787233
697,23.268735274593094
698,23.245257456431585
699,23.245257456431585
700,23.245257456431585
701,23.245257456431585
702,23.245257456431585
703,23.245257456431585
704,23.245257456431585
705,23.245257456431585
706,23.245257456431585
707,23.245257456431585
708,23.245257456431585
709,23.245257456431585
710,23.245257456431585
711,23.245257456431585
712,23.245257456431585
713,23.245257456431585
714,23.245257456431585
715,23.245257456431585
716,23.245257456431585
717,23.245257456431585
718,23.245257456431585
719,23.245257456431585
720,23.04260535166306
721,23.04260535166306
722,22.968488397182597
723,22.968488397182597
724,22.968488397182597
725,22.968488397182597
726,22.968488397182597
727,22.968488397182597
728,22.968488397182597
729,22.968488397182597
730,22.968488397182597
731,22.968488397182597
732,22.968488397182597
733,22.968488397182597
734,22.968488397182597
735,22.968488397182597
736,22.968488397182597
737,22.968488397182597
738,22.968488397182597
739,22.968488397182597
740,22.968488397182597
741,22.968488397182597
742,22.968488397182597
743,22.968488397182597
744,22.968488397182597
745,22.792277257267006
746,22.792277257267006
747,22.792277257267006
748,22.792277257267006
749,22.792277257267006
750,22.792277257267006
751,22.792277257267006
752,22.792277257267006
753,22.792277257267006
754,22.792277257267006
755,22.792277257267006
756,22.792277257267006
757,22.792277257267006
758,22.792277257267006
759,22.792277257267006
760,22.792277257267006
761,22.792277257267006
762,22.792277257267006
763,22.792277257267006
764,22.74953837105875
765,22.74953837105875
766,22.74953837105875
767,22.74953837105875
768,22.74953837105875
769,22.74953837105875
770,22.74953837105875
771,22.74953837105875
772,22.74953837105875
773,22.74953837105875
774,22.74953837105875
775,22.74953837105875
776,22.74953837105875
777,22.74953837105875
778,22.74953837105875
779,22.74953837105875
780,22.74953837105875
781,22.74953837105875
782,22.74953837105875
783,22.74953837105875
784,22.74953837105875
785,22.74953837105875
786,22.664152113963947
787,22.664152113963947
788,22.664152113963947
789,22.664152113963947
790,22.489465857194592
791,22.489465857194592
792,22.489465857194592
793,22.274893521264662
794,22.20850590188701
795,22.20850590188701
796,22.182888025240093
797,22.182888025240093
798,22.182888025240093
799,22.182888025240093
800,22.182888025240093
801,22.182888025240093
802,22.182888025240093
803,22.182888025240093
804,22.182888025240093
805,22.182888025240093
806,22.182888025240093
807,22.182888025240093
808,22.182888025240093
809,22.182888025240093
810,22.182888025240093
811,22.182888025240093
812,22.182888025240093
813,22.182888025240093
814,22.182888025240093
815,22.182888025240093
816,22.182888025240093
817,22.182888025240093
818,22.182888025240093
819,22.182888025240093
820,22.182888025240093
821,22.182888025240093
822,22.182888025240093
823,22.182888025240093
824,22.182888025240093
825,22.182888025240093
826,22.182888025240093
827,22.182888025240093
828,22.182888025240093
829,22.182888025240093
830,22.182888025240093
831,22.182888025240093
832,22.182888025240093
833,22.182888025240093
834,22.182888025240093
835,22.182888025240093
836,22.182888025240093
837,22.182888025240093
838,22.182888025240093
839,22.182888025240093
840,22.182888025240093
841,22.182888025240093
842,22.182888025240093
843,22.182888025240093
844,22.182888025240093
845,22.182888025240093
846,22.182888025240093
847,22.182888025240093
848,22.182888025240093
849,22.182888025240093
850,22.182888025240093
851,22.182888025240093
852,22.182888025240093
853,22.09917373969637
854,22.09917373969637
855,22.09917373969637
856,22.09917373969637
857,22.09917373969637
858,22.09917373969637
859,22.09917373969637
860,22.09917373969637
861,22.09917373969637
862,22.09917373969637
863,22.09917373969637
864,22.09917373969637
865,22.09917373969637
866,22.09917373969637
867,22.09917373969637
868,22.09917373969637
869,22.09917373969637
870,22.09917373969637
871,22.09917373969637
872,22.09917373969637
873,22.09917373969637
874,22.09917373969637
875,22.09917373969637
876,22.09917373969637
877,22.09917373969637
878,21.63413323833425
879,21.446168051396075
880,21.304508643073124
881,21.020218818736446
882,21.020218818736446
883,21.020218818736446
884,21.020218818736446
885,21.020218818736446
886,21.020218818736446
887,21.020218818736446
888,21.020218818736446
889,21.020218818736446
890,21.020218818736446
891,21.020218818736446
892,21.020218818736446
893,21.020218818736446
894,21.020218818736446
895,21.020218818736446
896,21.020218818736446
897,20.549703277933137
898,20.549703277933137
899,20.49631032334468
900,20.49631032334468
901,20.49631032334468
902,20.49631032334468
903,20.49631032334468
904,20.49631032334468
905,20.49631032334468
906,20.49631032334468
907,20.49631032334468
908,20.49631032334468
909,20.49631032334468
910,20.49631032334468
911,20.49631032334468
912,20.49631032334468
913,20.49631032334468
914,20.49631032334468
915,20.49631032334468
916,20.49631032334468
917,20.49631032334468
918,20.49631032334468
919,20.49631032334468
920,20.49631032334468
921,20.49631032334468
922,20.49631032334468
923,20.49631032334468
924,20.49631032334468
925,20.49631032334468
926,20.49631032334468
927,20.49631032334468
928,20.49631032334468
929,20.49631032334468
930,20.49631032334468
931,20.49631032334468
932,20.49631032334468
933,20.49631032334468
934,20.49631032334468
935,20.49631032334468
936,20.49631032334468
937,20.49631032334468
938,20.49631032334468
939,20.49631032334468
940,20.49631032334468
941,20.49631032334468
942,20.49631032334468
943,20.49631032334468
944,20.458143709392886
945,20.458143709392886
946,20.433734655501063
947,20.433734655501063
948,20.433734655501063
949,20.433734655501063
950,20.433734655501063
951,20.433734655501063
952,20.433734655501063
953,20.433734655501063
954,20.433734655501063
955,20.433734655501063
956,20.433734655501063
957,20.433734655501063
958,20.433734655501063
959,20.433734655501063
960,20.433734655501063
961,20.433734655501063
962,20.433734655501063
963,20.433734655501063
964,20.433734655501063
965,20.433734655501063
966,20.433734655501063
967,20.433734655501063
968,20.433734655501063
969,20.433734655501063
970,20.433734655501063
971,20.433734655501063
972,20.433734655501063
973,20.433734655501063
974,20.433734655501063
975,20.433734655501063
976,20.433734655501063
977,20.433734655501063
978,20.433734655501063
979,20.433734655501063
980,20.433734655501063
981,20.433734655501063
982,20.433734655501063
983,20.433734655501063
984,20.433734655501063
985,20.3814058491387
986,20.3814058491387
987,20.3814058491387
988,20.293068925515918
989,20.293068925515918
990,20.293068925515918
991,20.293068925515918
992,20.293068925515918
993,20.293068925515918
994,20.293068925515918
995,20.293068925515918
996,20.293068925515918
997,20.293068925515918
998,20.293068925515918
999,20.293068925515918
1000,20.293068925515918
1001,20.293068925515918
1002,20.293068925515918
1003,20.293068925515918
1004,20.293068925515918
1005,20.293068925515918
1006,20.293068925515918
1007,20.293068925515918
1008,20.293068925515918
1009,20.293068925515918
1010,20.293068925515918
1011,20.293068925515918
1012,20.293068925515918
1013,20.293068925515918
1014,20.293068925515918
1015,20.293068925515918
1016,20.293068925515918
1017,20.293068925515918
1018,20.293068925515918
1019,20.293068925515918
1020,20.293068925515918
1021,20.293068925515918
1022,20.293068925515918
1023,20.293068925515918
1024,20.293068925515918
1025,20.293068925515918
1026,20.293068925515918
1027,20.293068925515918
1028,20.293068925515918
1029,20.293068925515918
1030,20.293068925515918
1031,20.293068925515918
1032,20.293068925515918
1033,20.293068925515918
1034,20.293068925515918
1035,20.293068925515918
1036,20.293068925515918
1037,20.293068925515918
1038,20.293068925515918
1039,20.293068925515918
1040,20.293068925515918
1041,20.293068925515918
1042,20.293068925515918
1043,20.293068925515918
1044,20.293068925515918
1045,20.293068925515918
1046,20.293068925515918
1047,20.293068925515918
1048,20.293068925515918
1049,20.293068925515918
1050,20.293068925515918
1051,20.293068925515918
1052,20.293068925515918
1053,20.293068925515918
1054,20.293068925515918
1055,20.293068925515918
1056,20.293068925515918
1057,20.293068925515918
1058,20.293068925515918
1059,20.293068925515918
1060,20.029239513527752
1061,20.029239513527752
1062,20.029239513527752
1063,20.029239513527752
1064,20.029239513527752
1065,20.029239513527752
1066,19.8456120688689
1067,19.8456120688689
1068,19.8456120688689
1069,19.8456120688689
1070,19.8456120688689
1071,19.752197784394
1072,19.752197784394
1073,19.747536451987575
1074,19.245196228571327
1075,19.203697803481994
1076,19.186670611201144
1077,19.186670611201144
1078,19.186670611201144
1079,19.186670611201144
1080,19.186670611201144
1081,19.186670611201144
1082,19.186670611201144
1083,19.186670611201144
1084,19.186670611201144
1085,19.186670611201144
1086,19.186670611201144
1087,19.186670611201144
1088,19.186670611201144
1089,18.870649723962853
1090,18.870649723962853
1091,18.870649723962853
1092,18.870649723962853
1093,18.870649723962853
1094,18.723065848053082
1095,18.723065848053082
1096,18.723065848053082
1097,18.723065848053082
1098,18.723065848053082
1099,18.723065848053082
1100,18.723065848053082
1101,18.723065848053082
1102,18.723065848053082
1103,18.723065848053082
1104,18.723065848053082
1105,18.723065848053082
1106,18.723065848053082
1107,18.723065848053082
1108,18.723065848053082
1109,18.723065848053082
1110,18.723065848053082
1111,18.723065848053082
1112,18.723065848053082
1113,18.723065848053082
1114,18.723065848053082
1115,18.723065848053082
1116,18.723065848053082
1117,18.723065848053082
1118,18.723065848053082
1119,18.723065848053082
1120,18.723065848053082
1121,18.723065848053082
1122,18.723065848053082
1123,18.723065848053082
1124,18.723065848053082
1125,18.723065848053082
1126,18.723065848053082
1127,18.723065848053082
1128,18.723065848053082
1129,18.723065848053082
1130,18.723065848053082
1131,18.723065848053082
1132,18.723065848053082
1133,18.723065848053082
1134,18.723065848053082
1135,18.723065848053082
1136,18.723065848053082
1137,18.723065848053082
1138,18.723065848053082
1139,18.723065848053082
1140,18.723065848053082
1141,18.723065848053082
1142,18.723065848053082
1143,18.723065848053082
1144,18.723065848053082
1145,18.723065848053082
1146,18.723065848053082
1147,18.723065848053082
1148,18.723065848053082
1149,18.723065848053082
1150,18.723065848053082
1151,18.723065848053082
1152,18.723065848053082
1153,18.723065848053082
1154,18.723065848053082
1155,18.723065848053082
1156,18.723065848053082
1157,18.723065848053082
1158,18.723065848053082
1159,18.723065848053082
1160,18.723065848053082
1161,18.723065848053082
1162,18.723065848053082
1163,18.723065848053082
1164,18.723065848053082
1165,18.723065848053082
1166,18.723065848053082
1167,18.723065848053082
1168,18.723065848053082
1169,18.723065848053082
1170,18.723065848053082
1171,18.723065848053082
1172,18.723065848053082
1173,18.723065848053082
1174,18.723065848053082
1175,18.723065848053082
1176,18.723065848053082
1177,18.723065848053082
1178,18.723065848053082
1179,18.723065848053082
1180,18.723065848053082
1181,18.723065848053082
1182,18.723065848053082
1183,18.723065848053082
1184,18.723065848053082
1185,18.723065848053082
1186,18.723065848053082
1187,18.723065848053082
1188,18.723065848053082
1189,18.723065848053082
1190,18.723065848053082
1191,18.723065848053082
1192,18.723065848053082
1193,18.723065848053082
1194,18.723065848053082
1195,18.723065848053082
1196,18.723065848053082
1197,18.723065848053082
1198,18.723065848053082
1199,18.723065848053082
1200,18.723065848053082
1201,18.723065848053082
1202,18.723065848053082
1203,18.723065848053082
1204,18.723065848053082
1205,18.643558417607956
1206,18.643558417607956
1207,18.643558417607956
1208,18.643558417607956
1209,18.643558417607956
1210,18.643558417607956
1211,18.643558417607956
1212,18.643558417607956
1213,18.643558417607956
1214,18.643558417607956
1215,18.643558417607956
1216,18.643558417607956
1217,18.643558417607956
1218,18.643558417607956
1219,18.643558417607956
1220,18.643558417607956
1221,18.643558417607956
1222,18.643558417607956
1223,18.643558417607956
1224,18.643558417607956
1225,18.643558417607956
1226,18.643558417607956
1227,18.643558417607956
1228,18.643558417607956
1229,18.643558417607956
1230,18.643558417607956
1231,18.643558417607956
1232,18.643558417607956
1233,18.643558417607956
1234,18.643558417607956
1235,18.643558417607956
1236,18.643558417607956
1237,18.643558417607956
1238,18.643558417607956
1239,18.643558417607956
1240,18.643558417607956
1241,18.542686841804525
1242,18.542686841804525
1243,18.542686841804525
1244,18.542686841804525
1245,18.542686841804525
1246,18.542686841804525
1247,18.542686841804525
1248,18.542686841804525
1249,18.542686841804525
1250,18.542686841804525
1251,18.542686841804525
1252,18.542686841804525
1253,18.542686841804525
1254,18.542686841804525
1255,18.542686841804525
1256,18.542686841804525
1257,18.542686841804525
1258,18.542686841804525
1259,18.542686841804525
1260,18.542686841804525
1261,18.542686841804525
1262,18.483814105192014
1263,18.483814105192014
1264,18.483814105192014
1265,18.483814105192014
1266,18.483814105192014
1267,18.483814105192014
1268,18.483814105192014
1269,18.483814105192014
1270,18.483814105192014
1271,18.483814105192014
1272,18.483814105192014
1273,18.483814105192014
1274,18.483814105192014
1275,18.483814105192014
1276,18.483814105192014
1277,18.483814105192014
1278,18.483814105192014
1279,18.483814105192014
1280,18.483814105192014
1281,18.483814105192014
1282,18.483814105192014
1283,18.483814105192014
1284,18.483814105192014
1285,18.483814105192014
1286,18.483814105192014
1287,18.483814105192014
1288,18.483814105192014
1289,18.483814105192014
1290,18.483814105192014
1291,18.483814105192014
1292,18.483814105192014
1293,18.483814105192014
1294,18.483814105192014
1295,18.483814105192014
1296,18.483814105192014
1297,18.483814105192014
1298,18.483814105192014
1299,18.483814105192014
1300,18.483814105192014
1301,18.483814105192014
1302,18.483814105192014
1303,18.483814105192014
1304,18.483814105192014
1305,18.483814105192014
1306,18.483814105192014
1307,18.483814105192014
1308,18.483814105192014
1309,18.483814105192014
1310,18.483814105192014
1311,18.483814105192014
1312,18.483814105192014
1313,18.483814105192014
1314,18.483814105192014
1315,18.483814105192014
1316,18.483814105192014
1317,18.483814105192014
1318,18.483814105192014
1319,18.483814105192014
1320,18.483814105192014
1321,18.469619448029153
1322,18.469619448029153
1323,18.32659250032893
1324,18.32659250032893
1325,18.30161257338534
1326,18.30161257338534
1327,18.30161257338534
1328,18.30161257338534
1329,18.30161257338534
1330,18.106423589534558
1331,18.106423589534558
1332,18.106423589534558
1333,18.106423589534558
1334,18.035641781348094
1335,18.035641781348094
1336,18.035641781348094
1337,18.035641781348094
1338,18.035641781348094
1339,18.035641781348094
1340,18.035641781348094
1341,18.035641781348094
1342,18.035641781348094
1343,18.035641781348094
1344,18.035641781348094
1345,18.035641781348094
1346,18.035641781348094
1347,18.035641781348094
1348,18.035641781348094
1349,18.035641781348094
1350,18.035641781348094
1351,18.035641781348094
1352,18.035641781348094
1353,18.035641781348094
1354,18.035641781348094
1355,18.035641781348094
1356,18.035641781348094
1357,18.035641781348094
1358,18.035641781348094
1359,18.035641781348094
1360,18.035641781348094
1361,18.035641781348094
1362,18.035641781348094
1363,18.035641781348094
1364,18.035641781348094
1365,18.035641781348094
1366,18.035641781348094
1367,18.035641781348094
1368,18.035641781348094
1369,18.035641781348094
1370,18.035641781348094
1371,18.035641781348094
1372,18.035641781348094
1373,18.035641781348094
1374,18.035641781348094
1375,18.035641781348094
1376,18.035641781348094
1377,18.035641781348094
1378,18.035641781348094
1379,18.035641781348094
1380,18.035641781348094
1381,18.035641781348094
1382,18.035641781348094
1383,18.035641781348094
1384,18.035641781348094
1385,18.035641781348094
1386,18.035641781348094
1387,18.035641781348094
1388,18.035641781348094
1389,18.035641781348094
1390,18.035641781348094
1391,18.035641781348094
1392,18.035641781348094
1393,18.035641781348094
1394,18.035641781348094
1395,18.035641781348094
1396,18.035641781348094
1397,18.035641781348094
1398,18.035641781348094
1399,18.035641781348094
1400,18.035641781348094
1401,18.035641781348094
1402,18.035641781348094
1403,18.035641781348094
1404,18.035641781348094
1405,18.035641781348094
1406,18.035641781348094
1407,18.035641781348094
1408,18.035641781348094
1409,18.035641781348094
1410,18.035641781348094
1411,18.035641781348094
1412,18.035641781348094
1413,18.035641781348094
1414,18.035641781348094
1415,18.035641781348094
1416,18.035641781348094
1417,18.035641781348094
1418,18.035641781348094
1419,18.035641781348094
1420,18.035641781348094
1421,18.035641781348094
1422,17.939402461564733
1423,17.939402461564733
1424,17.939402461564733
1425,17.939402461564733
1426,17.939402461564733
1427,17.939402461564733
1428,17.939402461564733
1429,17.939402461564733
1430,17.939402461564733
1431,17.939402461564733
1432,17.939402461564733
1433,17.939402461564733
1434,17.939402461564733
1435,17.939402461564733
1436,17.939402461564733
1437,17.933808015441354
1438,17.933808015441354
1439,17.933808015441354
1440,17.933808015441354
1441,17.933808015441354
1442,17.933808015441354
1443,17.933808015441354
1444,17.933808015441354
1445,17.933808015441354
1446,17.933808015441354
1447,17.933808015441354
1448,17.933808015441354
1449,17.933808015441354
1450,17.933808015441354
1451,17.933808015441354
1452,17.933808015441354
1453,17.933808015441354
1454,17.933808015441354
1455,17.933808015441354
1456,17.933808015441354
1457,17.933808015441354
1458,17.933808015441354
1459,17.933808015441354
1460,17.933808015441354
1461,17.933808015441354
1462,17.933808015441354
1463,17.933808015441354
1464,17.933808015441354
1465,17.933808015441354
1466,17.933808015441354
1467,17.933808015441354
1468,17.933808015441354
1469,17.933808015441354
1470,17.933808015441354
1471,17.933808015441354
1472,17.933808015441354
1473,17.933808015441354
1474,17.933808015441354
1475,17.933808015441354
1476,17.933808015441354
1477,17.933808015441354
1478,17.933808015441354
1479,17.933808015441354
1480,17.933808015441354
1481,17.933808015441354
1482,17.933808015441354
1483,17.933808015441354
1484,17.933808015441354
1485,17.933808015441354
1486,17.933808015441354
1487,17.933808015441354
1488,17.933808015441354
1489,17.933808015441354
1490,17.933808015441354
1491,17.933808015441354
1492,17.89457191522693
1493,17.89457191522693
1494,17.89457191522693
1495,17.89457191522693
1496,17.89457191522693
1497,17.89457191522693
1498,17.89457191522693
1499,17.89457191522693
1500,17.89457191522693
1501,17.89457191522693
1502,17.89457191522693
1503,17.89457191522693
1504,17.89457191522693
1505,17.89457191522693
1506,17.89457191522693
1507,17.89457191522693
1508,17.89457191522693
1509,17.89457191522693
1510,17.89457191522693
1511,17.89457191522693
1512,17.89457191522693
1513,17.89457191522693
1514,17.89457191522693
1515,17.89457191522693
1516,17.89457191522693
1517,17.89457191522693
1518,17.89457191522693
1519,17.89457191522693
1520,17.89457191522693
1521,17.89457191522693
1522,17.89457191522693
1523,17.89457191522693
1524,17.89457191522693
1525,17.89457191522693
1526,17.89457191522693
1527,17.89457191522693
1528,17.89457191522693
1529,17.89457191522693
1530,17.89457191522693
1531,17.78038740193545
1532,17.78038740193545
1533,17.78038740193545
1534,17.78038740193545
1535,17.78038740193545
1536,17.78038740193545
1537,17.78038740193545
1538,17.78038740193545
1539,17.78038740193545
1540,17.78038740193545
1541,17.78038740193545
1542,17.78038740193545
1543,17.78038740193545
1544,17.78038740193545
1545,17.78038740193545
1546,17.78038740193545
1547,17.78038740193545
1548,17.78038740193545
1549,17.78038740193545
1550,17.78038740193545
1551,17.78038740193545
1552,17.78038740193545
1553,17.78038740193545
1554,17.78038740193545
1555,17.78038740193545
1556,17.78038740193545
1557,17.78038740193545
1558,17.78038740193545
1559,17.78038740193545
1560,17.78038740193545
1561,17.78038740193545
1562,17.78038740193545
1563,17.78038740193545
1564,17.757414669402785
1565,17.757414669402785
1566,17.757414669402785
1567,17.757414669402785
1568,17.757414669402785
1569,17.757414669402785
1570,17.757414669402785
1571,17.757414669402785
1572,17.757414669402785
1573,17.757414669402785
1574,17.757414669402785
1575,17.757414669402785
1576,17.757414669402785
1577,17.757414669402785
1578,17.757414669402785
1579,17.757414669402785
1580,17.757414669402785
1581,17.757414669402785
1582,17.757414669402785
1583,17.757414669402785
1584,17.757414669402785
1585,17.757414669402785
1586,17.757414669402785
1587,17.757414669402785
1588,17.757414669402785
1589,17.757414669402785
1590,17.757414669402785
1591,17.757414669402785
1592,17.757414669402785
1593,17.757414669402785
1594,17.757414669402785
1595,17.757414669402785
1596,17.757414669402785
1597,17.757414669402785
1598,17.757414669402785
1599,17.757414669402785
1600,17.757414669402785
1601,17.757414669402785
1602,17.757414669402785
1603,17.757414669402785
1604,17.757414669402785
1605,17.757414669402785
1606,17.757414669402785
1607,17.757414669402785
1608,17.757414669402785
1609,17.757414669402785
1610,17.757414669402785
1611,17.757414669402785
1612,17.672820795085553
1613,17.5993553487745
1614,17.5993553487745
1615,17.5993553487745
1616,17.5993553487745
1617,17.546280845049942
1618,17.546280845049942
1619,17.25876561020937
1620,17.25876561020937
1621,17.25876561020937
1622,17.25876561020937
1623,17.25876561020937
1624,17.25876561020937
1625,17.25876561020937
1626,17.25876561020937
1627,17.25876561020937
1628,17.25876561020937
1629,17.25876561020937
1630,17.25876561020937
1631,17.25876561020937
1632,17.25876561020937
1633,17.25876561020937
1634,17.25876561020937
1635,17.25876561020937
1636,17.25876561020937
1637,17.25876561020937
1638,17.25876561020937
1639,17.25876561020937
1640,17.25876561020937
1641,17.25876561020937
1642,17.25876561020937
1643,17.25876561020937
1644,17.25876561020937
1645,17.25876561020937
1646,17.25876561020937
1647,17.25876561020937
1648,17.25876561020937
1649,17.25876561020937
1650,17.25876561020937
1651,17.25876561020937
1652,17.25876561020937
1653,17.25876561020937
1654,17.25876561020937
1655,17.25876561020937
1656,17.25876561020937
1657,17.25876561020937
1658,17.25876561020937
1659,17.25876561020937
1660,17.25876561020937
1661,17.25876561020937
1662,17.25876561020937
1663,17.25876561020937
1664,17.25876561020937
1665,17.25876561020937
1666,17.25876561020937
1667,17.25876561020937
1668,17.25876561020937
1669,17.25876561020937
1670,17.25876561020937
1671,17.25876561020937
1672,17.25876561020937
1673,17.25876561020937
1674,17.25876561020937
1675,17.25876561020937
1676,17.25876561020937
1677,17.25876561020937
1678,17.25876561020937
1679,17.25876561020937
1680,17.25876561020937
1681,17.17716463732123
1682,17.17716463732123
1683,17.17716463732123
1684,17.17716463732123
1685,17.17716463732123
1686,17.17716463732123
1687,17.17716463732123
1688,17.17716463732123
1689,17.17716463732123
1690,17.17716463732123
1691,17.17716463732123
1692,17.17716463732123
1693,17.17716463732123
1694,17.17716463732123
1695,17.17716463732123
1696,17.17716463732123
1697,17.17716463732123
1698,17.17716463732123
1699,17.17716463732123
1700,17.17716463732123
1701,17.17716463732123
1702,17.17716463732123
1703,17.171707547093277
1704,17.074895987961458
1705,17.069438897733505
1706,17.069438897733505
1707,17.069438897733505
1708,17.069438897733505
1709,17.069438897733505
1710,17.069438897733505
1711,17.069438897733505
1712,17.069438897733505
1713,17.069438897733505
1714,17.069438897733505
1715,17.069438897733505
1716,17.069438897733505
1717,17.069438897733505
1718,17.069438897733505
1719,17.069438897733505
1720,17.069438897733505
1721,17.069438897733505
1722,17.069438897733505
1723,17.069438897733505
1724,17.069438897733505
1725,17.069438897733505
1726,17.069438897733505
1727,17.069438897733505
1728,17.069438897733505
1729,17.069438897733505
1730,17.069438897733505
1731,17.069438897733505
1732,17.069438897733505
1733,17.069438897733505
1734,17.069438897733505
1735,17.069438897733505
1736,17.069438897733505
1737,17.069438897733505
1738,17.069438897733505
1739,17.069438897733505
1740,17.069438897733505
1741,17.069438897733505
1742,17.069438897733505
1743,17.069438897733505
1744,17.069438897733505
1745,17.069438897733505
1746,17.069438897733505
1747,17.069438897733505
1748,17.069438897733505
1749,17.069438897733505
1750,17.069438897733505
1751,17.069438897733505
1752,17.069438897733505
1753,17.069438897733505
1754,17.069438897733505
1755,17.069438897733505
1756,17.069438897733505
1757,17.069438897733505
1758,17.069438897733505
1759,17.069438897733505
1760,17.069438897733505
1761,17.069438897733505
1762,17.069438897733505
1763,17.069438897733505
1764,17.069438897733505
1765,17.069438897733505
1766,17.069438897733505
1767,17.069438897733505
1768,17.069438897733505
1769,17.069438897733505
1770,17.069438897733505
1771,17.069438897733505
1772,17.069438897733505
1773,17.069438897733505
1774,17.069438897733505
1775,17.069438897733505
1776,17.069438897733505
1777,17.069438897733505
1778,17.069438897733505
1779,17.069438897733505
1780,17.069438897733505
1781,17.069438897733505
1782,17.069438897733505
1783,17.069438897733505
1784,17.069438897733505
1785,17.069438897733505
1786,17.069438897733505
1787,17.069438897733505
1788,17.069438897733505
1789,17.069438897733505
1790,17.069438897733505
1791,17.069438897733505
1792,17.069438897733505
1793,17.069438897733505
1794,17.069438897733505
1795,17.069438897733505
1796,17.069438897733505
1797,17.069438897733505
1798,17.069438897733505
1799,17.069438897733505
1800,17.069438897733505
1801,17.069438897733505
1802,17.069438897733505
1803,17.069438897733505
1804,17.069438897733505
1805,17.069438897733505
1806,17.069438897733505
1807,17.069438897733505
1808,17.069438897733505
1809,17.069438897733505
1810,17.069438897733505
1811,16.743713005980016
1812,16.743713005980016
1813,16.743713005980016
1814,16.743713005980016
1815,16.743713005980016
1816,16.743713005980016
1817,16.743713005980016
1818,16.743713005980016
1819,16.743713005980016
1820,16.743713005980016
1821,16.743713005980016
1822,16.743713005980016
1823,16.743713005980016
1824,16.743713005980016
1825,16.743713005980016
1826,16.743713005980016
1827,16.743713005980016
1828,16.743713005980016
1829,16.743713005980016
1830,16.743713005980016
1831,16.743713005980016
1832,16.743713005980016
1833,16.743713005980016
1834,16.743713005980016
1835,16.743713005980016
1836,16.743713005980016
1837,16.743713005980016
1838,16.743713005980016
1839,16.743713005980016
1840,16.743713005980016
1841,16.743713005980016
1842,16.743713005980016
1843,16.743713005980016
1844,16.743713005980016
1845,16.690016557158405
1846,16.690016557158405
1847,16.690016557158405
1848,16.690016557158405
1849,16.690016557158405
1850,16.690016557158405
1851,16.690016557158405
1852,16.690016557158405
1853,16.690016557158405
1854,16.690016557158405
1855,16.690016557158405
1856,16.690016557158405
1857,16.690016557158405
1858,16.690016557158405
1859,16.690016557158405
1860,16.690016557158405
1861,16.690016557158405
1862,16.690016557158405
1863,16.690016557158405
1864,16.690016557158405
1865,16.690016557158405
1866,16.690016557158405
1867,16.690016557158405
1868,16.690016557158405
1869,16.690016557158405
1870,16.690016557158405
1871,16.690016557158405
1872,16.690016557158405
1873,16.690016557158405
1874,16.690016557158405
1875,16.68000341861512
1876,16.68000341861512
1877,16.68000341861512
1878,16.613323019979365
1879,16.184327215855365
1880,16.184327215855365
1881,16.184327215855365
1882,16.184327215855365
1883,16.184327215855365
1884,16.184327215855365
1885,16.184327215855365
1886,16.184327215855365
1887,16.184327215855365
1888,16.184327215855365
1889,16.184327215855365
1890,16.184327215855365
1891,16.184327215855365
1892,16.184327215855365
1893,16.184327215855365
1894,16.184327215855365
1895,16.184327215855365
1896,16.184327215855365
1897,16.184327215855365
1898,16.184327215855365
1899,16.184327215855365
1900,16.184327215855365
1901,16.184327215855365
1902,16.184327215855365
1903,16.184327215855365
1904,16.184327215855365
1905,16.184327215855365
1906,16.184327215855365
1907,16.184327215855365
1908,16.184327215855365
1909,16.184327215855365
1910,16.184327215855365
1911,16.184327215855365
1912,16.184327215855365
1913,16.184327215855365
1914,16.184327215855365
1915,16.184327215855365
1916,16.184327215855365
1917,16.184327215855365
1918,16.184327215855365
1919,16.184327215855365
1920,16.184327215855365
1921,16.184327215855365
1922,16.184327215855365
1923,16.184327215855365
1924,16.184327215855365
1925,16.184327215855365
1926,16.184327215855365
1927,16.184327215855365
1928,16.184327215855365
1929,16.184327215855365
1930,16.184327215855365
1931,16.184327215855365
1932,16.184327215855365
1933,16.184327215855365
1934,16.184327215855365
1935,16.184327215855365
1936,16.184327215855365
1937,16.184327215855365
1938,16.184327215855365
1939,16.184327215855365
1940,16.184327215855365
1941,16.184327215855365
1942,16.184327215855365
1943,16.184327215855365
1944,16.184327215855365
1945,16.184327215855365
1946,16.184327215855365
1947,16.184327215855365
1948,16.184327215855365
1949,16.184327215855365
1950,16.184327215855365
1951,16.184327215855365
1952,16.184327215855365
1953,16.184327215855365
1954,16.184327215855365
1955,16.184327215855365
1956,16.184327215855365
1957,16.184327215855365
1958,16.184327215855365
1959,16.184327215855365
1960,16.184327215855365
1961,16.184327215855365
1962,16.184327215855365
1963,16.184327215855365
1964,16.184327215855365
1965,16.184327215855365
1966,16.184327215855365
1967,16.184327215855365
1968,16.184327215855365
1969,16.184327215855365
1970,16.184327215855365
1971,16.184327215855365
1972,16.184327215855365
1973,16.184327215855365
1974,16.184327215855365
1975,16.184327215855365
1976,16.184327215855365
1977,16.184327215855365
1978,16.184327215855365
1979,16.184327215855365
1980,16.184327215855365
1981,16.184327215855365
1982,16.184327215855365
1983,16.184327215855365
1984,16.184327215855365
1985,16.184327215855365
1986,16.184327215855365
1987,16.184327215855365
1988,16.184327215855365
1989,16.184327215855365
1990,16.184327215855365
1991,16.184327215855365
1992,16.184327215855365
1993,16.184327215855365
1994,16.184327215855365
1995,16.184327215855365
1996,16.184327215855365
1997,16.184327215855365
1998,16.184327215855365
1999,16.184327215855365
2000,16.184327215855365
2001,16.184327215855365
2002,16.184327215855365
2003,16.184327215855365
2004,16.184327215855365
2005,16.184327215855365
2006,16.184327215855365
2007,16.184327215855365
2008,16.184327215855365
2009,16.184327215855365
2010,16.184327215855365
2011,16.184327215855365
2012,16.184327215855365
2013,16.184327215855365
2014,16.184327215855365
2015,16.184327215855365
2016,16.184327215855365
2017,16.184327215855365
2018,16.184327215855365
2019,16.184327215855365
2020,16.184327215855365
2021,16.184327215855365
2022,16.184327215855365
2023,16.184327215855365
2024,16.184327215855365
2025,16.184327215855365
2026,16.184327215855365
2027,16.184327215855365
2028,16.184327215855365
2029,16.184327215855365
2030,16.184327215855365
2031,16.184327215855365
2032,16.184327215855365
2033,16.184327215855365
2034,16.184327215855365
2035,16.184327215855365
2036,16.184327215855365
2037,16.184327215855365
2038,16.184327215855365
2039,16.184327215855365
2040,16.184327215855365
2041,16.184327215855365
2042,16.184327215855365
2043,16.184327215855365
2044,16.184327215855365
2045,16.184327215855365
2046,16.184327215855365
2047,16.184327215855365
2048,16.184327215855365
2049,16.184327215855365
2050,16.184327215855365
2051,16.184327215855365
2052,16.184327215855365
2053,16.184327215855365
2054,16.184327215855365
2055,16.184327215855365
2056,16.184327215855365
2057,16.184327215855365
2058,16.184327215855365
2059,16.184327215855365
2060,16.184327215855365
2061,16.184327215855365
2062,16.184327215855365
2063,16.184327215855365
2064,16.184327215855365
2065,16.184327215855365
2066,16.184327215855365
2067,16.184327215855365
2068,16.004223078223934
2069,16.004223078223934
2070,16.004223078223934
2071,16.004223078223934
2072,16.004223078223934
2073,16.004223078223934
2074,16.004223078223934
2075,16.004223078223934
2076,16.004223078223934
2077,16.004223078223934
2078,16.004223078223934
2079,15.891289717937632
2080,15.891289717937632
2081,15.891289717937632
2082,15.891289717937632
2083,15.891289717937632
2084,15.891289717937632
2085,15.891289717937632
2086,15.891289717937632
2087,15.891289717937632
2088,15.891289717937632
2089,15.891289717937632
2090,15.891289717937632
2091,15.891289717937632
2092,15.891289717937632
2093,15.891289717937632
2094,15.891289717937632
2095,15.891289717937632
2096,15.891289717937632
2097,15.891289717937632
2098,15.891289717937632
2099,15.891289717937632
2100,15.891289717937632
2101,15.891289717937632
2102,15.891289717937632
2103,15.891289717937632
2104,15.891289717937632
2105,15.891289717937632
2106,15.891289717937632
2107,15.891289717937632
2108,15.891289717937632
2109,15.891289717937632
2110,15.891289717937632
2111,15.891289717937632
2112,15.891289717937632
2113,15.891289717937632
2114,15.891289717937632
2115,15.891289717937632
2116,15.891289717937632
2117,15.891289717937632
2118,15.891289717937632
2119,15.891289717937632
2120,15.891289717937632
2121,15.891289717937632
2122,15.891289717937632
2123,15.891289717937632
2124,15.891289717937632
2125,15.891289717937632
2126,15.891289717937632
2127,15.891289717937632
2128,15.8551085115772
2129,15.8551085115772
2130,15.821831013106141
2131,15.711453534437638
2132,15.711453534437638
2133,15.711453534437638
2134,15.711453534437638
2135,15.711453534437638
2136,15.711453534437638
2137,15.711453534437638
2138,15.711453534437638
2139,15.711453534437638
2140,15.711453534437638
2141,15.711453534437638
2142,15.711453534437638
2143,15.711453534437638
2144,15.711453534437638
2145,15.711453534437638
2146,15.711453534437638
2147,15.711453534437638
2148,15.711453534437638
2149,15.711453534437638
2150,15.711453534437638
2151,15.711453534437638
2152,15.711453534437638
2153,15.711453534437638
2154,15.711453534437638
2155,15.711453534437638
2156,15.711453534437638
2157,15.711453534437638
2158,15.711453534437638
2159,15.711453534437638
2160,15.711453534437638
2161,15.711453534437638
2162,15.711453534437638
2163,15.711453534437638
2164,15.711453534437638
2165,15.711453534437638
2166,15.711453534437638
2167,15.711453534437638
2168,15.711453534437638
2169,15.711453534437638
2170,15.711453534437638
2171,15.711453534437638
2172,15.672590675986484
2173,15.672590675986484
2174,15.672590675986484
2175,15.672590675986484
2176,15.672590675986484
2177,15.672590675986484
2178,15.672590675986484
2179,15.672590675986484
2180,15.672590675986484
2181,15.672590675986484
2182,15.672590675986484
2183,15.672590675986484
2184,15.672590675986484
2185,15.672590675986484
2186,15.672590675986484
2187,15.672590675986484
2188,15.672590675986484
2189,15.672590675986484
2190,15.672590675986484
2191,15.672590675986484
2192,15.672590675986484
2193,15.672590675986484
2194,15.672590675986484
2195,15.672590675986484
2196,15.672590675986484
2197,15.672590675986484
2198,15.672590675986484
2199,15.672590675986484
2200,15.672590675986484
2201,15.672590675986484
2202,15.672590675986484
2203,15.672590675986484
2204,15.672590675986484
2205,15.672590675986484
2206,15.672590675986484
2207,15.672590675986484
2208,15.672590675986484
2209,15.672590675986484
2210,15.672590675986484
2211,15.672590675986484
2212,15.672590675986484
2213,15.672590675986484
2214,15.672590675986484
2215,15.672590675986484
2216,15.672590675986484
2217,15.672590675986484
2218,15.672590675986484
2219,15.672590675986484
2220,15.672590675986484
2221,15.672590675986484
2222,15.672590675986484
2223,15.672590675986484
2224,15.672590675986484
2225,15.672590675986484
2226,15.672590675986484
2227,15.672590675986484
2228,15.672590675986484
2229,15.672590675986484
2230,15.672590675986484
2231,15.672590675986484
2232,15.672590675986484
2233,15.672590675986484
2234,15.672590675986484
2235,15.672590675986484
2236,15.672590675986484
2237,15.672590675986484
2238,15.672590675986484
2239,15.672590675986484
2240,15.672590675986484
2241,15.672590675986484
2242,15.672590675986484
2243,15.672590675986484
2244,15.672590675986484
2245,15.672590675986484
2246,15.672590675986484
2247,15.672590675986484
2248,15.672590675986484
2249,15.672590675986484
2250,15.672590675986484
2251,15.672590675986484
2252,15.672590675986484
2253,15.672590675986484
2254,15.672590675986484
2255,15.672590675986484
2256,15.672590675986484
2257,15.672590675986484
2258,15.672590675986484
2259,15.672590675986484
2260,15.672590675986484
2261,15.672590675986484
2262,15.672590675986484
2263,15.672590675986484
2264,15.672590675986484
2265,15.672590675986484
2266,15.672590675986484
2267,15.672590675986484
2268,15.672590675986484
2269,15.672590675986484
2270,15.672590675986484
2271,15.672590675986484
2272,15.672590675986484
2273,15.672590675986484
2274,15.672590675986484
2275,15.672590675986484
2276,15.672590675986484
2277,15.672590675986484
2278,15.672590675986484
2279,15.672590675986484
2280,15.672590675986484
2281,15.672590675986484
2282,15.672590675986484
2283,15.672590675986484
2284,15.672590675986484
2285,15.672590675986484
2286,15.672590675986484
2287,15.672590675986484
2288,15.672590675986484
2289,15.672590675986484
2290,15.672590675986484
2291,15.672590675986484
2292,15.672590675986484
2293,15.672590675986484
2294,15.672590675986484
2295,15.672590675986484
2296,15.672590675986484
2297,15.672590675986484
2298,15.672590675986484
2299,15.672590675986484
2300,15.623991216565834
2301,15.623991216565834
2302,15.623991216565834
2303,15.623991216565834
2304,15.623991216565834
2305,15.623991216565834
2306,15.623991216565834
2307,15.623991216565834
2308,15.623991216565834
2309,15.623991216565834
2310,15.623991216565834
2311,15.623991216565834
2312,15.623991216565834
2313,15.623991216565834
2314,15.623991216565834
2315,15.623991216565834
2316,15.623991216565834
2317,15.623991216565834
2318,15.623991216565834
2319,15.623991216565834
2320,15.623991216565834
2321,15.623991216565834
2322,15.623991216565834
2323,15.623991216565834
2324,15.623991216565834
2325,15.623991216565834
2326,15.623991216565834
2327,15.623991216565834
2328,15.623991216565834
2329,15.623991216565834
2330,15.623991216565834
2331,15.623991216565834
2332,15.623991216565834
2333,15.623991216565834
2334,15.623991216565834
2335,15.623991216565834
2336,15.623991216565834
2337,15.623991216565834
2338,15.623991216565834
2339,15.623991216565834
2340,15.623991216565834
2341,15.623991216565834
2342,15.623991216565834
2343,15.623991216565834
2344,15.623991216565834
2345,15.623991216565834
2346,15.623991216565834
2347,15.623991216565834
2348,15.623991216565834
2349,15.623991216565834
2350,15.623991216565834
2351,15.623991216565834
2352,15.623991216565834
2353,15.623991216565834
2354,15.623991216565834
2355,15.623991216565834
2356,15.623991216565834
2357,15.623991216565834
2358,15.623991216565834
2359,15.623991216565834
2360,15.623991216565834
2361,15.623991216565834
2362,15.623991216565834
2363,15.623991216565834
2364,15.623991216565834
2365,15.623991216565834
2366,15.623991216565834
2367,15.623991216565834
2368,15.623991216565834
2369,15.623991216565834
2370,15.623991216565834
2371,15.623991216565834
2372,15.623991216565834
2373,15.623991216565834
2374,15.623991216565834
2375,15.623991216565834
2376,15.623991216565834
2377,15.623991216565834
2378,15.623991216565834
2379,15.623991216565834
2380,15.623991216565834
2381,15.623991216565834
2382,15.623991216565834
2383,15.575770744346983
2384,15.575770744346983
2385,15.575770744346983
2386,15.575770744346983
2387,15.575770744346983
2388,15.575770744346983
2389,15.575770744346983
2390,15.575770744346983
2391,15.575770744346983
2392,15.575770744346983
2393,15.575770744346983
2394,15.575770744346983
2395,15.575770744346983
2396,15.575770744346983
2397,15.575770744346983
2398,15.575770744346983
2399,15.575770744346983
2400,15.575770744346983
2401,15.575770744346983
2402,15.575770744346983
2403,15.575770744346983
2404,15.575770744346983
2405,15.575770744346983
2406,15.575770744346983
2407,15.575770744346983
2408,15.575770744346983
2409,15.575770744346983
2410,15.575770744346983
2411,15.575770744346983
2412,15.575770744346983
2413,15.575770744346983
2414,15.575770744346983
2415,15.575770744346983
2416,15.575770744346983
2417,15.575770744346983
2418,15.575770744346983
2419,15.575770744346983
2420,15.575770744346983
2421,15.575770744346983
2422,15.575770744346983
2423,15.575770744346983
2424,15.575770744346983
2425,15.575770744346983
2426,15.575770744346983
2427,15.575770744346983
2428,15.575770744346983
2429,15.575770744346983
2430,15.575770744346983
2431,15.575770744346983
2432,15.575770744346983
2433,15.575770744346983
2434,15.575770744346983
2435,15.575770744346983
2436,15.575770744346983
2437,15.575770744346983
2438,15.563801241840572
2439,15.563801241840572
2440,15.563801241840572
2441,15.563801241840572
2442,15.563801241840572
2443,15.563801241840572
2444,15.563801241840572
2445,15.563801241840572
2446,15.563801241840572
2447,15.563801241840572
2448,15.563801241840572
2449,15.563801241840572
2450,15.563801241840572
2451,15.563801241840572
2452,15.563801241840572
2453,15.563801241840572
2454,15.563801241840572
2455,15.563801241840572
2456,15.563801241840572
2457,15.563801241840572
2458,15.563801241840572
2459,15.563801241840572
2460,15.563801241840572
2461,15.563801241840572
2462,15.563801241840572
2463,15.563801241840572
2464,15.563801241840572
2465,15.563801241840572
2466,15.563801241840572
2467,15.563801241840572
2468,15.563801241840572
2469,15.563801241840572
2470,15.563801241840572
2471,15.563801241840572
2472,15.563801241840572
2473,15.563801241840572
2474,15.563801241840572
2475,15.563801241840572
2476,15.563801241840572
2477,15.563801241840572
2478,15.563801241840572
2479,15.563801241840572
2480,15.563801241840572
2481,15.563801241840572
2482,15.563801241840572
2483,15.563801241840572
2484,15.563801241840572
2485,15.563801241840572
2486,15.563801241840572
2487,15.563801241840572
2488,15.563801241840572
2489,15.563801241840572
2490,15.563801241840572
2491,15.563801241840572
2492,15.563801241840572
2493,15.563801241840572
2494,15.563801241840572
2495,15.563801241840572
2496,15.563801241840572
2497,15.563801241840572
2498,15.563801241840572
2499,15.563801241840572
2500,15.563801241840572
2501,15.563801241840572
2502,15.563801241840572
2503,15.563801241840572
2504,15.563801241840572
2505,15.563801241840572
2506,15.563801241840572
2507,15.563801241840572
2508,15.563801241840572
2509,15.563801241840572
2510,15.563801241840572
2511,15.563801241840572
2512,15.563801241840572
2513,15.563801241840572
2514,15.563801241840572
2515,15.563801241840572
2516,15.563801241840572
2517,15.563801241840572
2518,15.563801241840572
2519,15.563801241840572
2520,15.563801241840572
2521,15.563801241840572
2522,15.563801241840572
2523,15.563801241840572
2524,15.459246435379175
2525,15.459246435379175
2526,15.459246435379175
2527,15.459246435379175
2528,15.459246435379175
2529,15.459246435379175
2530,15.459246435379175
2531,15.459246435379175
2532,15.459246435379175
2533,15.459246435379175
2534,15.459246435379175
2535,15.459246435379175
2536,15.459246435379175
2537,15.459246435379175
2538,15.318187619605428
2539,15.318187619605428
2540,15.318187619605428
2541,15.318187619605428
2542,15.318187619605428
2543,15.318187619605428
2544,15.318187619605428
2545,15.318187619605428
2546,15.318187619605428
2547,15.318187619605428
2548,15.318187619605428
2549,15.318187619605428
2550,15.318187619605428
2551,15.318187619605428
2552,15.318187619605428
2553,15.318187619605428
2554,15.318187619605428
2555,15.318187619605428
2556,15.318187619605428
2557,15.318187619605428
2558,15.318187619605428
2559,15.318187619605428
2560,15.318187619605428
2561,15.189998569529312
2562,15.189998569529312
2563,15.189998569529312
2564,15.189998569529312
2565,15.189998569529312
2566,15.189998569529312
2567,15.189998569529312
2568,15.189998569529312
2569,15.189998569529312
2570,15.189998569529312
2571,15.189998569529312
2572,15.189998569529312
2573,15.189998569529312
2574,15.189998569529312
2575,15.189998569529312
2576,15.189998569529312
2577,15.189998569529312
2578,15.189998569529312
2579,15.189998569529312
2580,15.189998569529312
2581,15.189998569529312
2582,15.189998569529312
2583,15.189998569529312
2584,15.189998569529312
2585,15.189998569529312
2586,15.189998569529312
2587,15.189998569529312
2588,15.189998569529312
2589,15.189998569529312
2590,15.189998569529312
2591,15.189998569529312
2592,15.189998569529312
2593,15.189998569529312
2594,15.189998569529312
2595,15.189998569529312
2596,15.189998569529312
2597,15.189998569529312
2598,15.189998569529312
2599,15.189998569529312
2600,15.189998569529312
2601,15.189998569529312
2602,15.189998569529312
2603,15.189998569529312
2604,15.189998569529312
2605,15.189998569529312
2606,15.189998569529312
2607,15.189998569529312
2608,15.189998569529312
2609,15.189998569529312
2610,15.189998569529312
2611,15.189998569529312
2612,15.189998569529312
2613,15.189998569529312
2614,15.189998569529312
2615,15.189998569529312
2616,15.189998569529312
2617,15.189998569529312
2618,15.189998569529312
2619,15.189998569529312
2620,15.189998569529312
2621,15.189998569529312
2622,15.189998569529312
2623,15.189998569529312
2624,15.189998569529312
2625,15.189998569529312
2626,15.189998569529312
2627,15.114327408724016
2628,14.918105120472678
2629,14.842433959667382
2630,14.842433959667382
2631,14.842433959667382
2632,14.842433959667382
2633,14.842433959667382
2634,14.842433959667382
2635,14.842433959667382
2636,14.842433959667382
2637,14.842433959667382
2638,14.842433959667382
2639,14.842433959667382
2640,14.842433959667382
2641,14.842433959667382
2642,14.842433959667382
2643,14.842433959667382
2644,14.842433959667382
2645,14.842433959667382
2646,14.842433959667382
2647,14.842433959667382
2648,14.842433959667382
2649,14.842433959667382
2650,14.842433959667382
2651,14.842433959667382
2652,14.842433959667382
2653,14.842433959667382
2654,14.842433959667382
2655,14.842433959667382
2656,14.842433959667382
2657,14.842433959667382
2658,14.842433959667382
2659,14.842433959667382
2660,14.842433959667382
2661,14.842433959667382
2662,14.842433959667382
2663,14.842433959667382
2664,14.842433959667382
2665,14.842433959667382
2666,14.842433959667382
2667,14.842433959667382
2668,14.842433959667382
2669,14.842433959667382
2670,14.842433959667382
2671,14.842433959667382
2672,14.842433959667382
2673,14.842433959667382
2674,14.842433959667382
2675,14.842433959667382
2676,14.708102984350315
2677,14.708102984350315
2678,14.708102984350315
2679,14.708102984350315
2680,14.708102984350315
2681,14.708102984350315
2682,14.708102984350315
2683,14.708102984350315
2684,14.708102984350315
2685,14.708102984350315
2686,14.708102984350315
2687,14.708102984350315
2688,14.708102984350315
2689,14.708102984350315
2690,14.708102984350315
2691,14.699934625422234
2692,14.699934625422234
2693,14.699934625422234
2694,14.699934625422234
2695,14.699934625422234
2696,14.699934625422234
2697,14.699934625422234
2698,14.699934625422234
2699,14.699934625422234
2700,14.699934625422234
2701,14.699934625422234
2702,14.699934625422234
2703,14.699934625422234
2704,14.699934625422234
2705,14.699934625422234
2706,14.699934625422234
2707,14.699934625422234
2708,14.699934625422234
2709,14.699934625422234
2710,14.699934625422234
2711,14.699934625422234
2712,14.699934625422234
2713,14.699934625422234
2714,14.699934625422234
2715,14.699934625422234
2716,14.699934625422234
2717,14.699934625422234
2718,14.699934625422234
2719,14.699934625422234
2720,14.699934625422234
2721,14.699934625422234
2722,14.699934625422234
2723,14.699934625422234
2724,14.699934625422234
2725,14.699934625422234
2726,14.699934625422234
2727,14.699934625422234
2728,14.699934625422234
2729,14.699934625422234
2730,14.699934625422234
2731,14.699934625422234
2732,14.699934625422234
2733,14.699934625422234
2734,14.699934625422234
2735,14.699934625422234
2736,14.699934625422234
2737,14.699934625422234
2738,14.699934625422234
2739,14.699934625422234
2740,14.699934625422234
2741,14.699934625422234
2742,14.699934625422234
2743,14.699934625422234
2744,14.699934625422234
2745,14.699934625422234
2746,14.699934625422234
2747,14.699934625422234
2748,14.699934625422234
2749,14.699934625422234
2750,14.699934625422234
2751,14.699934625422234
2752,14.699934625422234
2753,14.699934625422234
2754,14.699934625422234
2755,14.699934625422234
2756,14.699934625422234
2757,14.699934625422234
2758,14.699934625422234
2759,14.699934625422234
2760,14.699934625422234
2761,14.699934625422234
2762,14.699934625422234
2763,14.699934625422234
2764,14.699934625422234
2765,14.699934625422234
2766,14.699934625422234
2767,14.699934625422234
2768,14.699934625422234
2769,14.699934625422234
2770,14.699934625422234
2771,14.699934625422234
2772,14.699934625422234
2773,14.699934625422234
2774,14.699934625422234
2775,14.699934625422234
2776,14.699934625422234
2777,14.699934625422234
2778,14.699934625422234
2779,14.699934625422234
2780,14.699934625422234
2781,14.699934625422234
2782,14.699934625422234
2783,14.699934625422234
2784,14.699934625422234
2785,14.699934625422234
2786,14.699934625422234
2787,14.699934625422234
2788,14.699934625422234
2789,14.699934625422234
2790,14.699934625422234
2791,14.699934625422234
2792,14.699934625422234
2793,14.699934625422234
2794,14.699934625422234
2795,14.699934625422234
2796,14.699934625422234
2797,14.699934625422234
2798,14.699934625422234
2799,14.699934625422234
2800,14.699934625422234
2801,14.699934625422234
2802,14.699934625422234
2803,14.699934625422234
2804,14.699934625422234
2805,14.699934625422234
2806,14.65638440203942
2807,14.650186069003869
2808,14.59703440864035
2809,14.59703440864035
2810,14.59703440864035
2811,14.59703440864035
2812,14.59703440864035
2813,14.59703440864035
2814,14.59703440864035
2815,14.59703440864035
2816,14.59703440864035
2817,14.59703440864035
2818,14.59703440864035
2819,14.59703440864035
2820,14.59703440864035
2821,14.59703440864035
2822,14.59703440864035
2823,14.59703440864035
2824,14.59703440864035
2825,14.59703440864035
2826,14.59703440864035
2827,14.483601557431964
2828,14.483601557431964
2829,14.483601557431964
2830,14.483601557431964
2831,14.483601557431964
2832,14.483601557431964
2833,14.483601557431964
2834,14.483601557431964
2835,14.483601557431964
2836,14.483601557431964
2837,14.483601557431964
2838,14.483601557431964
2839,14.483601557431964
2840,14.483601557431964
2841,14.483601557431964
2842,14.483601557431964
2843,14.483601557431964
2844,14.483601557431964
2845,14.483601557431964
2846,14.483601557431964
2847,14.483601557431964
2848,14.483601557431964
2849,14.483601557431964
2850,14.483601557431964
2851,14.483601557431964
2852,14.483601557431964
2853,14.483601557431964
2854,14.483601557431964
2855,14.483601557431964
2856,14.483601557431964
2857,14.483601557431964
2858,14.483601557431964
2859,14.483601557431964
2860,14.483601557431964
2861,14.483601557431964
2862,14.483601557431964
2863,14.483601557431964
2864,14.483601557431964
2865,14.483601557431964
2866,14.483601557431964
2867,14.389053550944823
2868,14.389053550944823
2869,14.389053550944823
2870,14.389053550944823
2871,14.389053550944823
2872,14.389053550944823
2873,14.389053550944823
2874,14.389053550944823
2875,14.389053550944823
2876,14.389053550944823
2877,14.389053550944823
2878,14.356400304741495
2879,14.356400304741495
2880,14.356400304741495
2881,14.356400304741495
2882,14.356400304741495
2883,14.356400304741495
2884,14.356400304741495
2885,14.356400304741495
2886,14.356400304741495
2887,14.356400304741495
2888,14.356400304741495
2889,14.356400304741495
2890,14.356400304741495
2891,14.356400304741495
2892,14.356400304741495
2893,14.356400304741495
2894,14.263917128733464
2895,14.263917128733464
2896,14.263917128733464
2897,14.263917128733464
2898,14.263917128733464
2899,14.263917128733464
2900,14.263917128733464
2901,14.263917128733464
2902,14.263917128733464
2903,14.263917128733464
2904,14.263917128733464
2905,14.263917128733464
2906,14.263917128733464
2907,14.263917128733464
2908,14.263917128733464
2909,14.263917128733464
2910,14.263917128733464
2911,14.263917128733464
2912,14.263917128733464
2913,14.263917128733464
2914,14.263917128733464
2915,14.263917128733464
2916,14.263917128733464
2917,14.263917128733464
2918,14.263917128733464
2919,14.263917128733464
2920,14.263917128733464
2921,14.263917128733464
2922,14.263917128733464
2923,14.263917128733464
2924,14.263917128733464
2925,14.263917128733464
2926,14.263917128733464
2927,14.263917128733464
2928,14.263917128733464
2929,14.263917128733464
2930,14.263917128733464
2931,14.263917128733464
2932,14.263917128733464
2933,14.263917128733464
2934,14.263917128733464
2935,14.263917128733464
2936,14.263917128733464
2937,14.263917128733464
2938,14.263917128733464
2939,14.263917128733464
2940,14.263917128733464
2941,14.263917128733464
2942,14.263917128733464
2943,14.263917128733464
2944,14.263917128733464
2945,14.263917128733464
2946,14.263917128733464
2947,14.263917128733464
2948,14.263917128733464
2949,14.263917128733464
2950,14.263917128733464
2951,14.263917128733464
2952,14.263917128733464
2953,14.263917128733464
2954,14.263917128733464
2955,14.263917128733464
2956,14.263917128733464
2957,14.263917128733464
2958,14.263917128733464
2959,14.263917128733464
2960,14.263917128733464
2961,14.263917128733464
2962,14.263917128733464
2963,14.263917128733464
2964,14.263917128733464
2965,14.263917128733464
2966,14.263917128733464
2967,14.263917128733464
2968,14.263917128733464
2969,14.263917128733464
2970,14.263917128733464
2971,14.263917128733464
2972,14.263917128733464
2973,14.263917128733464
2974,14.263917128733464
2975,14.263917128733464
2976,14.263917128733464
2977,14.263917128733464
2978,14.263917128733464
2979,14.263917128733464
2980,14.263917128733464
2981,14.263917128733464
2982,14.263917128733464
2983,14.263917128733464
2984,14.263917128733464
2985,14.263917128733464
2986,14.040612709655722
2987,14.040612709655722
2988,14.040612709655722
2989,13.950914792440031
2990,13.950914792440031
2991,13.950914792440031
2992,13.950914792440031
2993,13.950914792440031
2994,13.950914792440031
2995,13.950914792440031
2996,13.950914792440031
2997,13.950914792440031
2998,13.950914792440031
2999,13.950914792440031
3000,13.950914792440031
3001,13.950914792440031
3002,13.950914792440031
3003,13.950914792440031
3004,13.950914792440031
3005,13.950914792440031
3006,13.950914792440031
3007,13.950914792440031
3008,13.950914792440031
3009,13.950914792440031
3010,13.950914792440031
3011,13.950914792440031
3012,13.950914792440031
3013,13.950914792440031
3014,13.950914792440031
3015,13.950914792440031
3016,13.950914792440031
3017,13.950914792440031
3018,13.950914792440031
3019,13.950914792440031
3020,13.950914792440031
3021,13.950914792440031
3022,13.950914792440031
3023,13.950914792440031
3024,13.950914792440031
3025,13.950914792440031
3026,13.950914792440031
3027,13.950914792440031
3028,13.950914792440031
3029,13.950914792440031
3030,13.950914792440031
3031,13.950914792440031
3032,13.950914792440031
3033,13.950914792440031
3034,13.950914792440031
3035,13.950914792440031
3036,13.950914792440031
3037,13.950914792440031
3038,13.950914792440031
3039,13.950914792440031
3040,13.950914792440031
3041,13.950914792440031
3042,13.950914792440031
3043,13.950914792440031
3044,13.950914792440031
3045,13.950914792440031
3046,13.950914792440031
3047,13.950914792440031
3048,13.950914792440031
3049,13.948452338499827
3050,13.948452338499827
3051,13.948452338499827
3052,13.948452338499827
3053,13.948452338499827
3054,13.948452338499827
3055,13.948452338499827
3056,13.948452338499827
3057,13.948452338499827
3058,13.948452338499827
3059,13.948452338499827
3060,13.948452338499827
3061,13.948452338499827
3062,13.948452338499827
3063,13.948452338499827
3064,13.948452338499827
3065,13.948452338499827
3066,13.948452338499827
3067,13.948452338499827
3068,13.948452338499827
3069,13.948452338499827
3070,13.948452338499827
3071,13.948452338499827
3072,13.948452338499827
3073,13.948452338499827
3074,13.948452338499827
3075,13.948452338499827
3076,13.948452338499827
3077,13.948452338499827
3078,13.948452338499827
3079,13.948452338499827
3080,13.948452338499827
3081,13.948452338499827
3082,13.948452338499827
3083,13.948452338499827
3084,13.948452338499827
3085,13.948452338499827
3086,13.948452338499827
3087,13.948452338499827
3088,13.948452338499827
3089,13.948452338499827
3090,13.948452338499827
3091,13.948452338499827
3092,13.948452338499827
3093,13.948452338499827
3094,13.948452338499827
3095,13.948452338499827
3096,13.896895098874879
3097,13.896895098874879
3098,13.896895098874879
3099,13.896895098874879
3100,13.896895098874879
3101,13.896895098874879
3102,13.896895098874879
3103,13.896895098874879
3104,13.896895098874879
3105,13.896895098874879
3106,13.896895098874879
3107,13.896895098874879
3108,13.896895098874879
3109,13.896895098874879
3110,13.896895098874879
3111,13.896895098874879
3112,13.896895098874879
3113,13.896895098874879
3114,13.896895098874879
3115,13.896895098874879
3116,13.855109445129484
3117,13.855109445129484
3118,13.855109445129484
3119,13.855109445129484
3120,13.855109445129484
3121,13.855109445129484
3122,13.855109445129484
3123,13.855109445129484
3124,13.855109445129484
3125,13.855109445129484
3126,13.855109445129484
3127,13.855109445129484
3128,13.855109445129484
3129,13.855109445129484
3130,13.855109445129484
3131,13.855109445129484
3132,13.855109445129484
3133,13.855109445129484
3134,13.855109445129484
3135,13.855109445129484
3136,13.855109445129484
3137,13.855109445129484
3138,13.855109445129484
3139,13.855109445129484
3140,13.855109445129484
3141,13.855109445129484
3142,13.855109445129484
3143,13.855109445129484
3144,13.855109445129484
3145,13.855109445129484
3146,13.855109445129484
3147,13.855109445129484
3148,13.855109445129484
3149,13.855109445129484
3150,13.855109445129484
3151,13.855109445129484
3152,13.855109445129484
3153,13.855109445129484
3154,13.855109445129484
3155,13.855109445129484
3156,13.855109445129484
3157,13.855109445129484
3158,13.855109445129484
3159,13.855109445129484
3160,13.855109445129484
3161,13.855109445129484
3162,13.855109445129484
3163,13.855109445129484
3164,13.855109445129484
3165,13.855109445129484
3166,13.855109445129484
3167,13.855109445129484
3168,13.855109445129484
3169,13.855109445129484
3170,13.855109445129484
3171,13.855109445129484
3172,13.855109445129484
3173,13.855109445129484
3174,13.855109445129484
3175,13.855109445129484
3176,13.855109445129484
3177,13.855109445129484
3178,13.855109445129484
3179,13.855109445129484
3180,13.855109445129484
3181,13.855109445129484
3182,13.855109445129484
3183,13.855109445129484
3184,13.855109445129484
3185,13.855109445129484
3186,13.855109445129484
3187,13.855109445129484
3188,13.855109445129484
3189,13.855109445129484
3190,13.855109445129484
3191,13.855109445129484
3192,13.855109445129484
3193,13.855109445129484
3194,13.855109445129484
3195,13.855109445129484
3196,13.855109445129484
3197,13.855109445129484
3198,13.855109445129484
3199,13.855109445129484
3200,13.855109445129484
3201,13.855109445129484
3202,13.855109445129484
3203,13.855109445129484
3204,13.855109445129484
3205,13.855109445129484
3206,13.855109445129484
3207,13.855109445129484
3208,13.855109445129484
3209,13.855109445129484
3210,13.855109445129484
3211,13.855109445129484
3212,13.855109445129484
3213,13.855109445129484
3214,13.855109445129484
3215,13.855109445129484
3216,13.855109445129484
3217,13.855109445129484
3218,13.855109445129484
3219,13.855109445129484
3220,13.855109445129484
3221,13.855109445129484
3222,13.855109445129484
3223,13.855109445129484
3224,13.855109445129484
3225,13.855109445129484
3226,13.855109445129484
3227,13.855109445129484
3228,13.855109445129484
3229,13.855109445129484
3230,13.855109445129484
3231,13.855109445129484
3232,13.855109445129484
3233,13.855109445129484
3234,13.855109445129484
3235,13.855109445129484
3236,13.668697793374376
3237,13.668697793374376
3238,13.668697793374376
3239,13.668697793374376
3240,13.668697793374376
3241,13.668697793374376
3242,13.668697793374376
3243,13.668697793374376
3244,13.668697793374376
3245,13.668697793374376
3246,13.668697793374376
3247,13.668697793374376
3248,13.668697793374376
3249,13.668697793374376
3250,13.668697793374376
3251,13.668697793374376
3252,13.668697793374376
3253,13.668697793374376
3254,13.668697793374376
3255,13.668697793374376
3256,13.668697793374376
3257,13.668697793374376
3258,13.668697793374376
3259,13.668697793374376
3260,13.668697793374376
3261,13.668697793374376
3262,13.668697793374376
3263,13.668697793374376
3264,13.668697793374376
3265,13.668697793374376
3266,13.668697793374376
3267,13.668697793374376
3268,13.668697793374376
3269,13.668697793374376
3270,13.668697793374376
3271,13.668697793374376
3272,13.668697793374376
3273,13.668697793374376
3274,13.668697793374376
3275,13.668697793374376
3276,13.668697793374376
3277,13.668697793374376
3278,13.668697793374376
3279,13.668697793374376
3280,13.668697793374376
3281,13.668697793374376
3282,13.668697793374376
3283,13.668697793374376
3284,13.668697793374376
3285,13.668697793374376
3286,13.668697793374376
3287,13.668697793374376
3288,13.668697793374376
3289,13.668697793374376
3290,13.668697793374376
3291,13.668697793374376
3292,13.668697793374376
3293,13.668697793374376
3294,13.668697793374376
3295,13.668697793374376
3296,13.668697793374376
3297,13.668697793374376
3298,13.668697793374376
3299,13.668697793374376
3300,13.668697793374376
3301,13.668697793374376
3302,13.668697793374376
3303,13.668697793374376
3304,13.668697793374376
3305,13.668697793374376
3306,13.668697793374376
3307,13.668697793374376
3308,13.668697793374376
3309,13.668697793374376
3310,13.668697793374376
3311,13.668697793374376
3312,13.668697793374376
3313,13.668697793374376
3314,13.668697793374376
3315,13.668697793374376
3316,13.668697793374376
3317,13.668697793374376
3318,13.668697793374376
3319,13.668697793374376
3320,13.668697793374376
3321,13.668697793374376
3322,13.668697793374376
3323,13.668697793374376
3324,13.668697793374376
3325,13.668697793374376
3326,13.668697793374376
3327,13.668697793374376
3328,13.668697793374376
3329,13.668697793374376
3330,13.668697793374376
3331,13.668697793374376
3332,13.668697793374376
3333,13.668697793374376
3334,13.668697793374376
3335,13.668697793374376
3336,13.668697793374376
3337,13.668697793374376
3338,13.668697793374376
3339,13.668697793374376
3340,13.668697793374376
3341,13.668697793374376
3342,13.668697793374376
3343,13.668697793374376
3344,13.602468106705851
3345,13.602468106705851
3346,13.602468106705851
3347,13.602468106705851
3348,13.602468106705851
3349,13.602468106705851
3350,13.602468106705851
3351,13.602468106705851
3352,13.602468106705851
3353,13.602468106705851
3354,13.602468106705851
3355,13.602468106705851
3356,13.602468106705851
3357,13.602468106705851
3358,13.602468106705851
3359,13.602468106705851
3360,13.602468106705851
3361,13.602468106705851
3362,13.602468106705851
3363,13.602468106705851
3364,13.602468106705851
3365,13.602468106705851
3366,13.602468106705851
3367,13.602468106705851
3368,13.602468106705851
3369,13.566797563809748
3370,13.566797563809748
3371,13.566797563809748
3372,13.566797563809748
3373,13.556518378075618
3374,13.556518378075618
3375,13.556518378075618
3376,13.556518378075618
3377,13.556518378075618
3378,13.556518378075618
3379,13.556518378075618
3380,13.556518378075618
3381,13.556518378075618
3382,13.556518378075618
3383,13.556518378075618
3384,13.481699914055495
3385,13.481699914055495
3386,13.481699914055495
3387,13.481699914055495
3388,13.481699914055495
3389,13.481699914055495
3390,13.481699914055495
3391,13.481699914055495
3392,13.481699914055495
3393,13.481699914055495
3394,13.481699914055495
3395,13.481699914055495
3396,13.481699914055495
3397,13.481699914055495
3398,13.481699914055495
3399,13.481699914055495
3400,13.481699914055495
3401,13.481699914055495
3402,13.481699914055495
3403,13.481699914055495
3404,13.481699914055495
3405,13.481699914055495
3406,13.481699914055495
3407,13.481699914055495
3408,13.481699914055495
3409,13.481699914055495
3410,13.481699914055495
3411,13.481699914055495
3412,13.481699914055495
3413,13.481699914055495
3414,13.481699914055495
3415,13.481699914055495
3416,13.481699914055495
3417,13.481699914055495
3418,13.481699914055495
3419,13.481699914055495
3420,13.481699914055495
3421,13.481699914055495
3422,13.481699914055495
3423,13.481699914055495
3424,13.481699914055495
3425,13.481699914055495
3426,13.481699914055495
3427,13.481699914055495
3428,13.481699914055495
3429,13.481699914055495
3430,13.481699914055495
3431,13.481699914055495
3432,13.481699914055495
3433,13.481699914055495
3434,13.481699914055495
3435,13.481699914055495
3436,13.34422055266853
3437,13.34422055266853
3438,13.34422055266853
3439,13.34422055266853
3440,13.34422055266853
3441,13.34422055266853
3442,13.34422055266853
3443,13.34422055266853
3444,13.34422055266853
3445,13.34422055266853
3446,13.34422055266853
3447,13.34422055266853
3448,13.34422055266853
3449,13.34422055266853
3450,13.34422055266853
3451,13.34422055266853
3452,13.34422055266853
3453,13.34422055266853
3454,13.34422055266853
3455,13.34422055266853
3456,13.34422055266853
3457,13.34422055266853
3458,13.34422055266853
3459,13.34422055266853
3460,13.34422055266853
3461,13.34422055266853
3462,13.34422055266853
3463,13.34422055266853
3464,13.34422055266853
3465,13.34422055266853
3466,13.34422055266853
3467,13.34422055266853
3468,13.28191584238314
3469,13.28191584238314
3470,13.28191584238314
3471,13.28191584238314
3472,13.28191584238314
3473,13.28191584238314
3474,13.28191584238314
3475,13.28191584238314
3476,13.28191584238314
3477,13.28191584238314
3478,13.28191584238314
3479,13.270750120387047
3480,13.270750120387047
3481,13.270750120387047
3482,13.270750120387047
3483,13.270750120387047
3484,13.270750120387047
3485,13.270750120387047
3486,13.270750120387047
3487,13.270750120387047
3488,13.270750120387047
3489,13.270750120387047
3490,13.270750120387047
3491,13.270750120387047
3492,13.270750120387047
3493,13.270750120387047
3494,13.270750120387047
3495,13.270750120387047
3496,13.270750120387047
3497,13.270750120387047
3498,13.270750120387047
3499,13.270750120387047
3500,13.211983772534412
3501,13.211983772534412
3502,13.211983772534412
3503,13.211983772534412
3504,13.211983772534412
3505,13.211983772534412
3506,13.211983772534412
3507,13.211983772534412
3508,13.143098309884538
3509,13.143098309884538
3510,13.143098309884538
3511,13.143098309884538
3512,13.143098309884538
3513,13.143098309884538
3514,13.143098309884538
3515,13.143098309884538
3516,13.143098309884538
3517,13.143098309884538
3518,13.143098309884538
3519,13.143098309884538
3520,13.143098309884538
3521,13.143098309884538
3522,13.143098309884538
3523,13.143098309884538
3524,13.143098309884538
3525,13.143098309884538
3526,13.143098309884538
3527,13.143098309884538
3528,13.143098309884538
3529,13.143098309884538
3530,13.143098309884538
3531,13.143098309884538
3532,13.143098309884538
3533,13.143098309884538
3534,13.143098309884538
3535,13.143098309884538
3536,13.143098309884538
3537,13.143098309884538
3538,13.143098309884538
3539,13.143098309884538
3540,13.143098309884538
3541,13.143098309884538
3542,13.143098309884538
3543,13.143098309884538
3544,13.143098309884538
3545,13.143098309884538
3546,13.143098309884538
3547,13.143098309884538
3548,13.143098309884538
3549,13.143098309884538
3550,13.143098309884538
3551,13.143098309884538
3552,13.143098309884538
3553,13.143098309884538
3554,13.143098309884538
3555,13.143098309884538
3556,13.143098309884538
3557,13.143098309884538
3558,13.143098309884538
3559,13.143098309884538
3560,13.143098309884538
3561,13.143098309884538
3562,13.143098309884538
3563,13.143098309884538
3564,13.143098309884538
3565,13.143098309884538
3566,13.143098309884538
3567,13.143098309884538
3568,13.143098309884538
3569,13.143098309884538
3570,13.143098309884538
3571,13.143098309884538
3572,13.143098309884538
3573,13.143098309884538
3574,13.143098309884538
3575,13.143098309884538
3576,13.143098309884538
3577,13.143098309884538
3578,13.143098309884538
3579,13.143098309884538
3580,13.143098309884538
3581,13.143098309884538
3582,13.143098309884538
3583,13.143098309884538
3584,13.143098309884538
3585,13.143098309884538
3586,13.143098309884538
3587,13.143098309884538
3588,13.143098309884538
3589,13.143098309884538
3590,13.143098309884538
3591,13.143098309884538
3592,13.143098309884538
3593,13.143098309884538
3594,13.143098309884538
3595,13.143098309884538
3596,13.143098309884538
3597,13.143098309884538
3598,13.143098309884538
3599,13.143098309884538
3600,13.143098309884538
3601,13.143098309884538
3602,13.143098309884538
3603,13.143098309884538
3604,13.143098309884538
3605,13.143098309884538
3606,13.143098309884538
3607,13.143098309884538
3608,13.143098309884538
3609,13.143098309884538
3610,13.143098309884538
3611,13.143098309884538
3612,13.143098309884538
3613,13.143098309884538
3614,13.143098309884538
3615,13.143098309884538
3616,13.143098309884538
3617,13.143098309884538
3618,13.143098309884538
3619,13.143098309884538
3620,13.143098309884538
3621,13.143098309884538
3622,13.143098309884538
3623,13.143098309884538
3624,13.143098309884538
3625,13.143098309884538
3626,13.143098309884538
3627,13.143098309884538
3628,13.143098309884538
3629,13.143098309884538
3630,13.143098309884538
3631,13.143098309884538
3632,13.143098309884538
3633,13.143098309884538
3634,13.143098309884538
3635,13.143098309884538
3636,13.143098309884538
3637,13.143098309884538
3638,13.143098309884538
3639,13.143098309884538
3640,13.143098309884538
3641,13.143098309884538
3642,13.143098309884538
3643,13.143098309884538
3644,13.143098309884538
3645,13.143098309884538
3646,13.143098309884538
3647,13.143098309884538
3648,13.143098309884538
3649,13.143098309884538
3650,13.143098309884538
3651,13.143098309884538
3652,13.143098309884538
3653,13.143098309884538
3654,13.143098309884538
3655,13.143098309884538
3656,13.143098309884538
3657,13.143098309884538
3658,13.143098309884538
3659,13.143098309884538
3660,13.143098309884538
3661,13.143098309884538
3662,13.143098309884538
3663,13.143098309884538
3664,13.143098309884538
3665,13.143098309884538
3666,13.143098309884538
3667,13.143098309884538
3668,13.143098309884538
3669,13.143098309884538
3670,13.143098309884538
3671,13.143098309884538
3672,13.143098309884538
3673,13.143098309884538
3674,13.143098309884538
3675,13.143098309884538
3676,13.143098309884538
3677,13.143098309884538
3678,13.143098309884538
3679,13.143098309884538
3680,13.143098309884538
3681,13.143098309884538
3682,13.143098309884538
3683,13.143098309884538
3684,13.143098309884538
3685,13.143098309884538
3686,13.143098309884538
3687,13.143098309884538
3688,13.143098309884538
3689,13.143098309884538
3690,13.143098309884538
3691,13.143098309884538
3692,13.143098309884538
3693,13.143098309884538
3694,13.143098309884538
3695,13.143098309884538
3696,13.143098309884538
3697,13.143098309884538
3698,13.143098309884538
3699,13.143098309884538
3700,13.143098309884538
3701,13.143098309884538
3702,13.143098309884538
3703,13.143098309884538
3704,13.143098309884538
3705,13.143098309884538
3706,13.143098309884538
3707,13.143098309884538
3708,13.143098309884538
3709,13.143098309884538
3710,13.143098309884538
3711,13.143098309884538
3712,13.143098309884538
3713,13.143098309884538
3714,13.143098309884538
3715,13.143098309884538
3716,13.143098309884538
3717,13.143098309884538
3718,13.143098309884538
3719,13.143098309884538
3720,13.143098309884538
3721,13.143098309884538
3722,13.143098309884538
3723,13.143098309884538
3724,13.143098309884538
3725,13.143098309884538
3726,13.143098309884538
3727,13.143098309884538
3728,13.143098309884538
3729,13.143098309884538
3730,13.143098309884538
3731,13.143098309884538
3732,13.143098309884538
3733,13.143098309884538
3734,13.143098309884538
3735,13.143098309884538
3736,13.143098309884538
3737,13.143098309884538
3738,13.143098309884538
3739,13.143098309884538
3740,13.143098309884538
3741,13.143098309884538
3742,13.143098309884538
3743,13.143098309884538
3744,13.143098309884538
3745,13.143098309884538
3746,13.143098309884538
3747,13.143098309884538
3748,13.143098309884538
3749,13.143098309884538
3750,13.143098309884538
3751,13.143098309884538
3752,13.143098309884538
3753,13.143098309884538
3754,13.143098309884538
3755,13.143098309884538
3756,13.143098309884538
3757,13.143098309884538
3758,13.143098309884538
3759,13.143098309884538
3760,13.143098309884538
3761,13.143098309884538
3762,13.143098309884538
3763,13.143098309884538
3764,13.143098309884538
3765,13.143098309884538
3766,13.143098309884538
3767,13.143098309884538
3768,13.143098309884538
3769,13.143098309884538
3770,13.143098309884538
3771,13.143098309884538
3772,13.143098309884538
3773,13.143098309884538
3774,13.143098309884538
3775,13.143098309884538
3776,13.143098309884538
3777,13.143098309884538
3778,13.143098309884538
3779,13.143098309884538
3780,13.143098309884538
3781,13.143098309884538
3782,13.143098309884538
3783,13.143098309884538
3784,13.143098309884538
3785,13.143098309884538
3786,13.143098309884538
3787,13.143098309884538
3788,13.143098309884538
3789,13.143098309884538
3790,13.143098309884538
3791,13.143098309884538
3792,13.143098309884538
3793,13.143098309884538
3794,13.143098309884538
3795,13.143098309884538
3796,13.143098309884538
3797,13.143098309884538
3798,13.143098309884538
3799,13.143098309884538
3800,13.143098309884538
3801,13.143098309884538
3802,13.143098309884538
3803,13.143098309884538
3804,13.143098309884538
3805,13.143098309884538
3806,13.143098309884538
3807,13.143098309884538
3808,13.143098309884538
3809,13.143098309884538
3810,13.143098309884538
3811,13.143098309884538
3812,13.143098309884538
3813,13.143098309884538
3814,13.143098309884538
3815,13.143098309884538
3816,13.143098309884538
3817,13.143098309884538
3818,13.143098309884538
3819,13.143098309884538
3820,13.143098309884538
3821,13.143098309884538
3822,13.143098309884538
3823,13.143098309884538
3824,13.143098309884538
3825,13.143098309884538
3826,13.143098309884538
3827,13.143098309884538
3828,13.143098309884538
3829,13.143098309884538
3830,13.143098309884538
3831,13.143098309884538
3832,13.143098309884538
3833,13.143098309884538
3834,13.143098309884538
3835,13.143098309884538
3836,13.143098309884538
3837,13.143098309884538
3838,13.143098309884538
3839,13.143098309884538
3840,13.143098309884538
3841,13.143098309884538
3842,13.143098309884538
3843,13.143098309884538
3844,13.143098309884538
3845,13.143098309884538
3846,13.143098309884538
3847,13.143098309884538
3848,13.143098309884538
3849,13.143098309884538
3850,13.143098309884538
3851,13.143098309884538
3852,13.143098309884538
3853,13.143098309884538
3854,13.143098309884538
3855,13.143098309884538
3856,13.143098309884538
3857,13.143098309884538
3858,13.143098309884538
3859,13.143098309884538
3860,13.143098309884538
3861,13.143098309884538
3862,13.143098309884538
3863,13.143098309884538
3864,13.143098309884538
3865,13.143098309884538
3866,13.143098309884538
3867,13.143098309884538
3868,13.143098309884538
3869,13.143098309884538
3870,13.143098309884538
3871,13.143098309884538
3872,13.143098309884538
3873,13.143098309884538
3874,13.143098309884538
3875,13.143098309884538
3876,13.143098309884538
3877,13.143098309884538
3878,13.143098309884538
3879,13.143098309884538
3880,13.143098309884538
3881,13.143098309884538
3882,13.143098309884538
3883,13.143098309884538
3884,13.143098309884538
3885,13.143098309884538
3886,13.143098309884538
3887,13.143098309884538
3888,13.143098309884538
3889,13.143098309884538
3890,13.143098309884538
3891,13.143098309884538
3892,13.143098309884538
3893,13.143098309884538
3894,13.143098309884538
3895,13.143098309884538
3896,13.143098309884538
3897,13.143098309884538
3898,13.143098309884538
3899,13.143098309884538
3900,13.143098309884538
3901,13.143098309884538
3902,13.143098309884538
3903,13.143098309884538
3904,13.143098309884538
3905,13.143098309884538
3906,13.143098309884538
3907,13.143098309884538
3908,13.143098309884538
3909,13.143098309884538
3910,13.143098309884538
3911,13.143098309884538
3912,13.143098309884538
3913,13.143098309884538
3914,13.143098309884538
3915,13.143098309884538
3916,13.143098309884538
3917,13.143098309884538
3918,13.143098309884538
3919,13.143098309884538
3920,13.143098309884538
3921,13.143098309884538
3922,13.143098309884538
3923,13.143098309884538
3924,13.143098309884538
3925,13.143098309884538
3926,13.143098309884538
3927,13.143098309884538
3928,13.143098309884538
3929,13.143098309884538
3930,13.143098309884538
3931,13.143098309884538
3932,13.143098309884538
3933,13.143098309884538
3934,13.143098309884538
3935,13.143098309884538
3936,13.143098309884538
3937,13.143098309884538
3938,13.143098309884538
3939,13.143098309884538
3940,13.143098309884538
3941,13.143098309884538
3942,13.143098309884538
3943,13.143098309884538
3944,13.143098309884538
3945,13.143098309884538
3946,13.143098309884538
3947,13.143098309884538
3948,13.143098309884538
3949,13.143098309884538
3950,13.143098309884538
3951,13.143098309884538
3952,13.143098309884538
3953,13.143098309884538
3954,13.143098309884538
3955,13.143098309884538
3956,13.143098309884538
3957,13.143098309884538
3958,13.143098309884538
3959,13.143098309884538
3960,13.143098309884538
3961,13.143098309884538
3962,13.143098309884538
3963,13.143098309884538
3964,13.143098309884538
3965,13.143098309884538
3966,13.143098309884538
3967,13.143098309884538
3968,13.143098309884538
3969,13.143098309884538
3970,13.143098309884538
3971,13.143098309884538
3972,13.143098309884538
3973,13.143098309884538
3974,13.143098309884538
3975,13.143098309884538
3976,13.143098309884538
3977,13.143098309884538
3978,13.143098309884538
3979,13.143098309884538
3980,13.143098309884538
3981,13.143098309884538
3982,13.143098309884538
3983,13.143098309884538
3984,13.143098309884538
3985,13.143098309884538
3986,13.143098309884538
3987,13.143098309884538
3988,13.143098309884538
3989,13.143098309884538
3990,13.143098309884538
3991,13.143098309884538
3992,13.143098309884538
3993,13.143098309884538
3994,13.143098309884538
3995,13.143098309884538
3996,13.143098309884538
3997,13.143098309884538
3998,13.143098309884538
3999,13.143098309884538
4000,13.143098309884538
4001,13.143098309884538
4002,13.143098309884538
4003,13.143098309884538
4004,13.143098309884538
4005,13.143098309884538
4006,13.143098309884538
4007,13.143098309884538
4008,13.106122254486502
4009,13.106122254486502
4010,13.056656221867277
4011,13.056656221867277
4012,13.056656221867277
4013,13.056656221867277
4014,13.056656221867277
4015,13.056656221867277
4016,13.056656221867277
4017,13.056656221867277
4018,13.056656221867277
4019,13.056656221867277
4020,13.056656221867277
4021,13.056656221867277
4022,13.056656221867277
4023,13.056656221867277
4024,13.056656221867277
4025,13.056656221867277
4026,13.056656221867277
4027,12.992735176160016
4028,12.992735176160016
4029,12.992735176160016
4030,12.992735176160016
4031,12.992735176160016
4032,12.992735176160016
4033,12.992735176160016
4034,12.992735176160016
4035,12.992735176160016
4036,12.992735176160016
4037,12.992735176160016
4038,12.992735176160016
4039,12.992735176160016
4040,12.992735176160016
4041,12.992735176160016
4042,12.992735176160016
4043,12.992735176160016
4044,12.992735176160016
4045,12.992735176160016
4046,12.992735176160016
4047,12.992735176160016
4048,12.992735176160016
4049,12.992735176160016
4050,12.992735176160016
4051,12.992735176160016
4052,12.992735176160016
4053,12.992735176160016
4054,12.992735176160016
4055,12.992735176160016
4056,12.992735176160016
4057,12.992735176160016
4058,12.992735176160016
4059,12.992735176160016
4060,12.992735176160016
4061,12.992735176160016
4062,12.992735176160016
4063,12.992735176160016
4064,12.992735176160016
4065,12.992735176160016
4066,12.992735176160016
4067,12.992735176160016
4068,12.992735176160016
4069,12.992735176160016
4070,12.992735176160016
4071,12.992735176160016
4072,12.992735176160016
4073,12.992735176160016
4074,12.992735176160016
4075,12.992735176160016
4076,12.992735176160016
4077,12.992735176160016
4078,12.992735176160016
4079,12.992735176160016
4080,12.992735176160016
4081,12.992735176160016
4082,12.992735176160016
4083,12.992735176160016
4084,12.992735176160016
4085,12.992735176160016
4086,12.992735176160016
4087,12.992735176160016
4088,12.992735176160016
4089,12.992735176160016
4090,12.992735176160016
4091,12.992735176160016
4092,12.992735176160016
4093,12.992735176160016
4094,12.992735176160016
4095,12.992735176160016
4096,12.992735176160016
4097,12.992735176160016
4098,12.992735176160016
4099,12.992735176160016
4100,12.992735176160016
4101,12.992735176160016
4102,12.992735176160016
4103,12.992735176160016
4104,12.992735176160016
4105,12.992735176160016
4106,12.992735176160016
4107,12.992735176160016
4108,12.992735176160016
4109,12.992735176160016
4110,12.992735176160016
4111,12.992735176160016
4112,12.992735176160016
4113,12.992735176160016
4114,12.992735176160016
4115,12.992735176160016
4116,12.992735176160016
4117,12.992735176160016
4118,12.992735176160016
4119,12.992735176160016
4120,12.992735176160016
4121,12.992735176160016
4122,12.992735176160016
4123,12.992735176160016
4124,12.992735176160016
4125,12.992735176160016
4126,12.992735176160016
4127,12.992735176160016
4128,12.992735176160016
4129,12.992735176160016
4130,12.992735176160016
4131,12.992735176160016
4132,12.992735176160016
4133,12.992735176160016
4134,12.885227379616405
4135,12.885227379616405
4136,12.885227379616405
4137,12.885227379616405
4138,12.885227379616405
4139,12.885227379616405
4140,12.885227379616405
4141,12.885227379616405
4142,12.885227379616405
4143,12.885227379616405
4144,12.885227379616405
4145,12.885227379616405
4146,12.885227379616405
4147,12.885227379616405
4148,12.885227379616405
4149,12.885227379616405
4150,12.885227379616405
4151,12.885227379616405
4152,12.885227379616405
4153,12.885227379616405
4154,12.885227379616405
4155,12.885227379616405
4156,12.885227379616405
4157,12.885227379616405
4158,12.885227379616405
4159,12.885227379616405
4160,12.885227379616405
4161,12.885227379616405
4162,12.885227379616405
4163,12.885227379616405
4164,12.885227379616405
4165,12.885227379616405
4166,12.885227379616405
4167,12.885227379616405
4168,12.885227379616405
4169,12.885227379616405
4170,12.885227379616405
4171,12.885227379616405
4172,12.885227379616405
4173,12.885227379616405
4174,12.885227379616405
4175,12.885227379616405
4176,12.885227379616405
4177,12.885227379616405
4178,12.885227379616405
4179,12.885227379616405
4180,12.885227379616405
4181,12.885227379616405
4182,12.885227379616405
4183,12.885227379616405
4184,12.885227379616405
4185,12.885227379616405
4186,12.885227379616405
4187,12.885227379616405
4188,12.885227379616405
4189,12.885227379616405
4190,12.885227379616405
4191,12.885227379616405
4192,12.885227379616405
4193,12.885227379616405
4194,12.885227379616405
4195,12.885227379616405
4196,12.885227379616405
4197,12.885227379616405
4198,12.885227379616405
4199,12.885227379616405
4200,12.885227379616405
4201,12.885227379616405
4202,12.885227379616405
4203,12.885227379616405
4204,12.885227379616405
4205,12.885227379616405
4206,12.885227379616405
4207,12.885227379616405
4208,12.885227379616405
4209,12.885227379616405
4210,12.885227379616405
4211,12.885227379616405
4212,12.885227379616405
4213,12.885227379616405
4214,12.885227379616405
4215,12.885227379616405
4216,12.885227379616405
4217,12.885227379616405
4218,12.885227379616405
4219,12.885227379616405
4220,12.885227379616405
4221,12.885227379616405
4222,12.885227379616405
4223,12.885227379616405
4224,12.885227379616405
4225,12.885227379616405
4226,12.885227379616405
4227,12.885227379616405
4228,12.885227379616405
4229,12.885227379616405
4230,12.885227379616405
4231,12.885227379616405
4232,12.885227379616405
4233,12.885227379616405
4234,12.885227379616405
4235,12.885227379616405
4236,12.885227379616405
4237,12.885227379616405
4238,12.885227379616405
4239,12.885227379616405
4240,12.885227379616405
4241,12.885227379616405
4242,12.885227379616405
4243,12.885227379616405
4244,12.885227379616405
4245,12.885227379616405
4246,12.885227379616405
4247,12.885227379616405
4248,12.885227379616405
4249,12.885227379616405
4250,12.885227379616405
4251,12.883984361801312
4252,12.883984361801312
4253,12.883984361801312
4254,12.883984361801312
4255,12.883984361801312
4256,12.883984361801312
4257,12.883984361801312
4258,12.883984361801312
4259,12.883984361801312
4260,12.883984361801312
4261,12.883984361801312
4262,12.883984361801312
4263,12.883984361801312
4264,12.883984361801312
4265,12.883984361801312
4266,12.883984361801312
4267,12.883984361801312
4268,12.883984361801312
4269,12.883984361801312
4270,12.883984361801312
4271,12.883984361801312
4272,12.883984361801312
4273,12.883984361801312
4274,12.883984361801312
4275,12.883984361801312
4276,12.883984361801312
4277,12.883984361801312
4278,12.883984361801312
4279,12.883984361801312
4280,12.883984361801312
4281,12.883984361801312
4282,12.883984361801312
4283,12.883984361801312
4284,12.883984361801312
4285,12.883984361801312
4286,12.883984361801312
4287,12.883984361801312
4288,12.883984361801312
4289,12.883984361801312
4290,12.883984361801312
4291,12.883984361801312
4292,12.883984361801312
4293,12.883984361801312
4294,12.883984361801312
4295,12.883984361801312
4296,12.883984361801312
4297,12.883984361801312
4298,12.883984361801312
4299,12.883984361801312
4300,12.883984361801312
4301,12.883984361801312
4302,12.883984361801312
4303,12.883984361801312
4304,12.883984361801312
4305,12.883984361801312
4306,12.883984361801312
4307,12.883984361801312
4308,12.883984361801312
4309,12.883984361801312
4310,12.883984361801312
4311,12.883984361801312
4312,12.883984361801312
4313,12.883984361801312
4314,12.883984361801312
4315,12.883984361801312
4316,12.883984361801312
4317,12.883984361801312
4318,12.883984361801312
4319,12.883984361801312
4320,12.883984361801312
4321,12.883984361801312
4322,12.883984361801312
4323,12.883984361801312
4324,12.883984361801312
4325,12.883984361801312
4326,12.883984361801312
4327,12.883984361801312
4328,12.883984361801312
4329,12.883984361801312
4330,12.883984361801312
4331,12.883984361801312
4332,12.883984361801312
4333,12.883984361801312
4334,12.883984361801312
4335,12.883984361801312
4336,12.883984361801312
4337,12.883984361801312
4338,12.883984361801312
4339,12.883984361801312
4340,12.883984361801312
4341,12.883984361801312
4342,12.883984361801312
4343,12.883984361801312
4344,12.877123794545204
4345,12.877123794545204
4346,12.877123794545204
4347,12.877123794545204
4348,12.877123794545204
4349,12.877123794545204
4350,12.877123794545204
4351,12.877123794545204
4352,12.877123794545204
4353,12.877123794545204
4354,12.877123794545204
4355,12.877123794545204
4356,12.877123794545204
4357,12.877123794545204
4358,12.877123794545204
4359,12.877123794545204
4360,12.877123794545204
4361,12.877123794545204
4362,12.877123794545204
4363,12.877123794545204
4364,12.877123794545204
4365,12.877123794545204
4366,12.877123794545204
4367,12.877123794545204
4368,12.877123794545204
4369,12.877123794545204
4370,12.877123794545204
4371,12.877123794545204
4372,12.877123794545204
4373,12.877123794545204
4374,12.877123794545204
4375,12.877123794545204
4376,12.877123794545204
4377,12.877123794545204
4378,12.877123794545204
4379,12.877123794545204
4380,12.877123794545204
4381,12.877123794545204
4382,12.877123794545204
4383,12.877123794545204
4384,12.877123794545204
4385,12.877123794545204
4386,12.877123794545204
4387,12.877123794545204
4388,12.877123794545204
4389,12.877123794545204
4390,12.877123794545204
4391,12.877123794545204
4392,12.877123794545204
4393,12.864937492942593
4394,12.864937492942593
4395,12.864937492942593
4396,12.864937492942593
4397,12.864937492942593
4398,12.864937492942593
4399,12.864937492942593
4400,12.864937492942593
4401,12.864937492942593
4402,12.864937492942593
4403,12.864937492942593
4404,12.864937492942593
4405,12.864937492942593
4406,12.864937492942593
4407,12.864937492942593
4408,12.864937492942593
4409,12.864937492942593
4410,12.864937492942593
4411,12.864937492942593
4412,12.864937492942593
4413,12.864937492942593
4414,12.864937492942593
4415,12.864937492942593
4416,12.864937492942593
4417,12.864937492942593
4418,12.864937492942593
4419,12.864937492942593
4420,12.864937492942593
4421,12.864937492942593
4422,12.864937492942593
4423,12.864937492942593
4424,12.864937492942593
4425,12.864937492942593
4426,12.864937492942593
4427,12.864937492942593
4428,12.864937492942593
4429,12.864937492942593
4430,12.864937492942593
4431,12.864937492942593
4432,12.864937492942593
4433,12.864937492942593
4434,12.864937492942593
4435,12.864937492942593
4436,12.864937492942593
4437,12.864937492942593
4438,12.864937492942593
4439,12.864937492942593
4440,12.864937492942593
4441,12.864937492942593
4442,12.864937492942593
4443,12.864937492942593
4444,12.864937492942593
4445,12.864937492942593
4446,12.864937492942593
4447,12.864937492942593
4448,12.864937492942593
4449,12.864937492942593
4450,12.864937492942593
4451,12.864937492942593
4452,12.864937492942593
4453,12.864937492942593
4454,12.864937492942593
4455,12.864937492942593
4456,12.864937492942593
4457,12.864937492942593
4458,12.864937492942593
4459,12.864937492942593
4460,12.864937492942593
4461,12.864937492942593
4462,12.864937492942593
4463,12.864937492942593
4464,12.864937492942593
4465,12.864937492942593
4466,12.864937492942593
4467,12.864937492942593
4468,12.864937492942593
4469,12.864937492942593
4470,12.864937492942593
4471,12.864937492942593
4472,12.864937492942593
4473,12.864937492942593
4474,12.864937492942593
4475,12.864937492942593
4476,12.864937492942593
4477,12.864937492942593
4478,12.864937492942593
4479,12.864937492942593
4480,12.864937492942593
4481,12.864937492942593
4482,12.864937492942593
4483,12.864937492942593
4484,12.864937492942593
4485,12.864937492942593
4486,12.864937492942593
4487,12.864937492942593
4488,12.864937492942593
4489,12.864937492942593
4490,12.864937492942593
4491,12.864937492942593
4492,12.864937492942593
4493,12.864937492942593
4494,12.864937492942593
4495,12.864937492942593
4496,12.864937492942593
4497,12.864937492942593
4498,12.864937492942593
4499,12.864937492942593
4500,12.864937492942593
4501,12.864937492942593
4502,12.864937492942593
4503,12.864937492942593
4504,12.864937492942593
4505,12.864937492942593
4506,12.864937492942593
4507,12.864937492942593
4508,12.864937492942593
4509,12.864937492942593
4510,12.864937492942593
4511,12.864937492942593
4512,12.864937492942593
4513,12.864937492942593
4514,12.864937492942593
4515,12.864937492942593
4516,12.864937492942593
4517,12.864937492942593
4518,12.864937492942593
4519,12.864937492942593
4520,12.864937492942593
4521,12.864937492942593
4522,12.864937492942593
4523,12.864937492942593
4524,12.864937492942593
4525,12.864937492942593
4526,12.864937492942593
4527,12.864937492942593
4528,12.864937492942593
4529,12.864937492942593
4530,12.864937492942593
4531,12.864937492942593
4532,12.864937492942593
4533,12.864937492942593
4534,12.864937492942593
4535,12.864937492942593
4536,12.864937492942593
4537,12.864937492942593
4538,12.864937492942593
4539,12.864937492942593
4540,12.864937492942593
4541,12.864937492942593
4542,12.864937492942593
4543,12.864937492942593
4544,12.864937492942593
4545,12.844989664465794
4546,12.844989664465794
4547,12.844989664465794
4548,12.844989664465794
4549,12.844989664465794
4550,12.844989664465794
4551,12.844989664465794
4552,12.844989664465794
4553,12.844989664465794
4554,12.844989664465794
4555,12.844989664465794
4556,12.844989664465794
4557,12.844989664465794
4558,12.844989664465794
4559,12.844989664465794
4560,12.844989664465794
4561,12.844989664465794
4562,12.844989664465794
4563,12.844989664465794
4564,12.844989664465794
4565,12.844989664465794
4566,12.844989664465794
4567,12.844989664465794
4568,12.844989664465794
4569,12.844989664465794
4570,12.844989664465794
4571,12.844989664465794
4572,12.844989664465794
4573,12.844989664465794
4574,12.844989664465794
4575,12.844989664465794
4576,12.844989664465794
4577,12.844989664465794
4578,12.844989664465794
4579,12.844989664465794
4580,12.844989664465794
4581,12.844989664465794
4582,12.844989664465794
4583,12.844989664465794
4584,12.844989664465794
4585,12.844989664465794
4586,12.844989664465794
4587,12.844989664465794
4588,12.844989664465794
4589,12.844989664465794
4590,12.844989664465794
4591,12.844989664465794
4592,12.844989664465794
4593,12.844989664465794
4594,12.844989664465794
4595,12.844989664465794
4596,12.844989664465794
4597,12.844989664465794
4598,12.844989664465794
4599,12.844989664465794
4600,12.844989664465794
4601,12.844989664465794
4602,12.844989664465794
4603,12.844989664465794
4604,12.844989664465794
4605,12.844989664465794
4606,12.844989664465794
4607,12.844989664465794
4608,12.844989664465794
4609,12.844989664465794
4610,12.844989664465794
4611,12.844989664465794
4612,12.844989664465794
4613,12.844989664465794
4614,12.844989664465794
4615,12.844989664465794
4616,12.844989664465794
4617,12.844989664465794
4618,12.844989664465794
4619,12.844989664465794
4620,12.844989664465794
4621,12.844989664465794
4622,12.844989664465794
4623,12.844989664465794
4624,12.844989664465794
4625,12.844989664465794
4626,12.844989664465794
4627,12.844989664465794
4628,12.844989664465794
4629,12.844989664465794
4630,12.844989664465794
4631,12.844989664465794
4632,12.844989664465794
4633,12.844989664465794
4634,12.844989664465794
4635,12.844989664465794
4636,12.844989664465794
4637,12.844989664465794
4638,12.844989664465794
4639,12.844989664465794
4640,12.844989664465794
4641,12.844989664465794
4642,12.844989664465794
4643,12.844989664465794
4644,12.844989664465794
4645,12.844989664465794
4646,12.844989664465794
4647,12.844989664465794
4648,12.844989664465794
4649,12.844989664465794
4650,12.844989664465794
4651,12.844989664465794
4652,12.844989664465794
4653,12.844989664465794
4654,12.844989664465794
4655,12.844989664465794
4656,12.844989664465794
4657,12.844989664465794
4658,12.844989664465794
4659,12.844989664465794
4660,12.844989664465794
4661,12.844989664465794
4662,12.844989664465794
4663,12.844989664465794
4664,12.844989664465794
4665,12.844989664465794
4666,12.844989664465794
4667,12.844989664465794
4668,12.844989664465794
4669,12.844989664465794
4670,12.844989664465794
4671,12.844989664465794
4672,12.844989664465794
4673,12.844989664465794
4674,12.844989664465794
4675,12.844989664465794
4676,12.844989664465794
4677,12.844989664465794
4678,12.844989664465794
4679,12.844989664465794
4680,12.844989664465794
4681,12.844989664465794
4682,12.844989664465794
4683,12.844989664465794
4684,12.844989664465794
4685,12.844989664465794
4686,12.844989664465794
4687,12.844989664465794
4688,12.844989664465794
4689,12.844989664465794
4690,12.844989664465794
4691,12.844989664465794
4692,12.844989664465794
4693,12.844989664465794
4694,12.844989664465794
4695,12.844989664465794
4696,12.844989664465794
4697,12.844989664465794
4698,12.844989664465794
4699,12.844989664465794
4700,12.844989664465794
4701,12.844989664465794
4702,12.844989664465794
4703,12.844989664465794
4704,12.844989664465794
4705,12.844989664465794
4706,12.844989664465794
4707,12.844989664465794
4708,12.844989664465794
4709,12.844989664465794
4710,12.844989664465794
4711,12.844989664465794
4712,12.844989664465794
4713,12.844989664465794
4714,12.74058653634433
4715,12.74058653634433
4716,12.74058653634433
4717,12.74058653634433
4718,12.74058653634433
4719,12.74058653634433
4720,12.74058653634433
4721,12.74058653634433
4722,12.74058653634433
4723,12.74058653634433
4724,12.74058653634433
4725,12.74058653634433
4726,12.74058653634433
4727,12.74058653634433
4728,12.74058653634433
4729,12.74058653634433
4730,12.74058653634433
4731,12.74058653634433
4732,12.74058653634433
4733,12.74058653634433
4734,12.74058653634433
4735,12.74058653634433
4736,12.74058653634433
4737,12.74058653634433
4738,12.74058653634433
4739,12.74058653634433
4740,12.74058653634433
4741,12.74058653634433
4742,12.74058653634433
4743,12.710833059989247
4744,12.710833059989247
4745,12.710833059989247
4746,12.710833059989247
4747,12.710833059989247
4748,12.710833059989247
4749,12.710833059989247
4750,12.710833059989247
4751,12.710833059989247
4752,12.710833059989247
4753,12.710833059989247
4754,12.710833059989247
4755,12.710833059989247
4756,12.710833059989247
4757,12.710833059989247
4758,12.710833059989247
4759,12.710833059989247
4760,12.710833059989247
4761,12.61896699155732
4762,12.61896699155732
4763,12.61896699155732
4764,12.61896699155732
4765,12.61896699155732
4766,12.61896699155732
4767,12.61896699155732
4768,12.61896699155732
4769,12.61896699155732
4770,12.61896699155732
4771,12.61896699155732
4772,12.61896699155732
4773,12.61896699155732
4774,12.61896699155732
4775,12.61896699155732
4776,12.61896699155732
4777,12.61896699155732
4778,12.61896699155732
4779,12.61896699155732
4780,12.61896699155732
4781,12.61896699155732
4782,12.61896699155732
4783,12.61896699155732
4784,12.61896699155732
4785,12.61896699155732
4786,12.61896699155732
4787,12.61896699155732
4788,12.580314806271756
4789,12.580314806271756
4790,12.580314806271756
4791,12.580314806271756
4792,12.580314806271756
4793,12.580314806271756
4794,12.580314806271756
4795,12.580314806271756
4796,12.580314806271756
4797,12.580314806271756
4798,12.580314806271756
4799,12.580314806271756
4800,12.580314806271756
4801,12.580314806271756
4802,12.580314806271756
4803,12.580314806271756
4804,12.580314806271756
4805,12.580314806271756
4806,12.580314806271756
4807,12.580314806271756
4808,12.580314806271756
4809,12.580314806271756
4810,12.580314806271756
4811,12.580314806271756
4812,12.580314806271756
4813,12.580314806271756
4814,12.580314806271756
4815,12.580314806271756
4816,12.580314806271756
4817,12.580314806271756
4818,12.580314806271756
4819,12.580314806271756
4820,12.580314806271756
4821,12.580314806271756
4822,12.580314806271756
4823,12.580314806271756
4824,12.580314806271756
4825,12.580314806271756
4826,12.580314806271756
4827,12.580314806271756
4828,12.580314806271756
4829,12.580314806271756
4830,12.580314806271756
4831,12.580314806271756
4832,12.580314806271756
4833,12.580314806271756
4834,12.580314806271756
4835,12.580314806271756
4836,12.580314806271756
4837,12.580314806271756
4838,12.580314806271756
4839,12.580314806271756
4840,12.580314806271756
4841,12.580314806271756
4842,12.580314806271756
4843,12.580314806271756
4844,12.580314806271756
4845,12.580314806271756
4846,12.580314806271756
4847,12.580314806271756
4848,12.580314806271756
4849,12.580314806271756
4850,12.580314806271756
4851,12.580314806271756
4852,12.580314806271756
4853,12.580314806271756
4854,12.580314806271756
4855,12.580314806271756
4856,12.580314806271756
4857,12.580314806271756
4858,12.580314806271756
4859,12.580314806271756
4860,12.580314806271756
4861,12.580314806271756
4862,12.580314806271756
4863,12.580314806271756
4864,12.580314806271756
4865,12.580314806271756
4866,12.580314806271756
4867,12.580314806271756
4868,12.580314806271756
4869,12.580314806271756
4870,12.580314806271756
4871,12.580314806271756
4872,12.580314806271756
4873,12.580314806271756
4874,12.580314806271756
4875,12.580314806271756
4876,12.580314806271756
4877,12.580314806271756
4878,12.580314806271756
4879,12.580314806271756
4880,12.580314806271756
4881,12.580314806271756
4882,12.580314806271756
4883,12.580314806271756
4884,12.580314806271756
4885,12.580314806271756
4886,12.580314806271756
4887,12.580314806271756
4888,12.580314806271756
4889,12.580314806271756
4890,12.580314806271756
4891,12.580314806271756
4892,12.580314806271756
4893,12.580314806271756
4894,12.580314806271756
4895,12.580314806271756
4896,12.580314806271756
4897,12.580314806271756
4898,12.580314806271756
4899,12.580314806271756
4900,12.580314806271756
4901,12.580314806271756
4902,12.580314806271756
4903,12.580314806271756
4904,12.580314806271756
4905,12.580314806271756
4906,12.580314806271756
4907,12.580314806271756
4908,12.580314806271756
4909,12.580314806271756
4910,12.580314806271756
4911,12.580314806271756
4912,12.580314806271756
4913,12.580314806271756
4914,12.580314806271756
4915,12.580314806271756
4916,12.580314806271756
4917,12.580314806271756
4918,12.580314806271756
4919,12.580314806271756
4920,12.580314806271756
4921,12.580314806271756
4922,12.580314806271756
4923,12.580314806271756
4924,12.580314806271756
4925,12.580314806271756
4926,12.580314806271756
4927,12.580314806271756
4928,12.580314806271756
4929,12.580314806271756
4930,12.580314806271756
4931,12.580314806271756
4932,12.580314806271756
4933,12.580314806271756
4934,12.580314806271756
4935,12.580314806271756
4936,12.580314806271756
4937,12.580314806271756
4938,12.580314806271756
4939,12.580314806271756
4940,12.580314806271756
4941,12.580314806271756
4942,12.580314806271756
4943,12.580314806271756
4944,12.580314806271756
4945,12.580314806271756
4946,12.580314806271756
4947,12.580314806271756
4948,12.580314806271756
4949,12.580314806271756
4950,12.580314806271756
4951,12.580314806271756
4952,12.580314806271756
4953,12.580314806271756
4954,12.580314806271756
4955,12.580314806271756
4956,12.580314806271756
4957,12.580314806271756
4958,12.580314806271756
4959,12.580314806271756
4960,12.580314806271756
4961,12.580314806271756
4962,12.580314806271756
4963,12.580314806271756
4964,12.580314806271756
4965,12.580314806271756
4966,12.580314806271756
4967,12.580314806271756
4968,12.580314806271756
4969,12.580314806271756
4970,12.580314806271756
4971,12.580314806271756
4972,12.580314806271756
4973,12.580314806271756
4974,12.580314806271756
4975,12.580314806271756
4976,12.580314806271756
4977,12.580314806271756
4978,12.580314806271756
4979,12.580314806271756
4980,12.580314806271756
4981,12.580314806271756
4982,12.580314806271756
4983,12.580314806271756
4984,12.580314806271756
4985,12.580314806271756
4986,12.580314806271756
4987,12.580314806271756
4988,12.580314806271756
4989,12.580314806271756
4990,12.580314806271756
4991,12.580314806271756
4992,12.580314806271756
4993,12.580314806271756
4994,12.580314806271756
4995,12.580314806271756
4996,12.580314806271756
4997,12.580314806271756
4998,12.580314806271756
4999,12.580314806271756
5000,12.580314806271756
5001,12.580314806271756
5002,12.580314806271756
5003,12.580314806271756
5004,12.580314806271756
5005,12.580314806271756
5006,12.580314806271756
5007,12.580314806271756
5008,12.580314806271756
5009,12.580314806271756
5010,12.580314806271756
5011,12.580314806271756
5012,12.580314806271756
5013,12.580314806271756
5014,12.580314806271756
5015,12.580314806271756
5016,12.580314806271756
5017,12.580314806271756
5018,12.580314806271756
5019,12.580314806271756
5020,12.580314806271756
5021,12.580314806271756
5022,12.580314806271756
5023,12.580314806271756
5024,12.580314806271756
5025,12.580314806271756
5026,12.580314806271756
5027,12.580314806271756
5028,12.580314806271756
5029,12.580314806271756
5030,12.580314806271756
5031,12.580314806271756
5032,12.580314806271756
5033,12.580314806271756
5034,12.580314806271756
5035,12.580314806271756
5036,12.580314806271756
5037,12.580314806271756
5038,12.580314806271756
5039,12.580314806271756
5040,12.580314806271756
5041,12.580314806271756
5042,12.580314806271756
5043,12.580314806271756
5044,12.580314806271756
5045,12.580314806271756
5046,12.580314806271756
5047,12.580314806271756
5048,12.580314806271756
5049,12.580314806271756
5050,12.580314806271756
5051,12.580314806271756
5052,12.580314806271756
5053,12.580314806271756
5054,12.580314806271756
5055,12.580314806271756
5056,12.580314806271756
5057,12.580314806271756
5058,12.580314806271756
5059,12.580314806271756
5060,12.580314806271756
5061,12.580314806271756
5062,12.580314806271756
5063,12.580314806271756
5064,12.580314806271756
5065,12.580314806271756
5066,12.580314806271756
5067,12.580314806271756
5068,12.580314806271756
5069,12.580314806271756
5070,12.580314806271756
5071,12.580314806271756
5072,12.580314806271756
5073,12.580314806271756
5074,12.580314806271756
5075,12.580314806271756
5076,12.580314806271756
5077,12.580314806271756
5078,12.580314806271756
5079,12.580314806271756
5080,12.580314806271756
5081,12.580314806271756
5082,12.580314806271756
5083,12.580314806271756
5084,12.580314806271756
5085,12.580314806271756
5086,12.580314806271756
5087,12.580314806271756
5088,12.580314806271756
5089,12.580314806271756
5090,12.580314806271756
5091,12.580314806271756
5092,12.580314806271756
5093,12.580314806271756
5094,12.580314806271756
5095,12.580314806271756
5096,12.580314806271756
5097,12.580314806271756
5098,12.580314806271756
5099,12.580314806271756
5100,12.580314806271756
5101,12.580314806271756
5102,12.580314806271756
5103,12.580314806271756
5104,12.580314806271756
5105,12.580314806271756
5106,12.580314806271756
5107,12.580314806271756
5108,12.580314806271756
5109,12.580314806271756
5110,12.580314806271756
5111,12.580314806271756
5112,12.580314806271756
5113,12.580314806271756
5114,12.580314806271756
5115,12.580314806271756
5116,12.580314806271756
5117,12.580314806271756
5118,12.580314806271756
5119,12.580314806271756
5120,12.580314806271756
5121,12.580314806271756
5122,12.580314806271756
5123,12.580314806271756
5124,12.580314806271756
5125,12.580314806271756
5126,12.580314806271756
5127,12.580314806271756
5128,12.580314806271756
5129,12.580314806271756
5130,12.580314806271756
5131,12.580314806271756
5132,12.580314806271756
5133,12.56132033452169
5134,12.56132033452169
5135,12.56132033452169
5136,12.56132033452169
5137,12.56132033452169
5138,12.56132033452169
5139,12.56132033452169
5140,12.56132033452169
5141,12.56132033452169
5142,12.56132033452169
5143,12.56132033452169
5144,12.56132033452169
5145,12.56132033452169
5146,12.56132033452169
5147,12.56132033452169
5148,12.56132033452169
5149,12.56132033452169
5150,12.56132033452169
5151,12.56132033452169
5152,12.56132033452169
5153,12.56132033452169
5154,12.56132033452169
5155,12.56132033452169
5156,12.56132033452169
5157,12.56132033452169
5158,12.56132033452169
5159,12.56132033452169
5160,12.56132033452169
5161,12.56132033452169
5162,12.56132033452169
5163,12.56132033452169
5164,12.56132033452169
5165,12.56132033452169
5166,12.56132033452169
5167,12.56132033452169
5168,12.56132033452169
5169,12.56132033452169
5170,12.56132033452169
5171,12.56132033452169
5172,12.56132033452169
5173,12.56132033452169
5174,12.56132033452169
5175,12.56132033452169
5176,12.56132033452169
5177,12.56132033452169
5178,12.56132033452169
5179,12.56132033452169
5180,12.56132033452169
5181,12.56132033452169
5182,12.56132033452169
5183,12.56132033452169
5184,12.56132033452169
5185,12.56132033452169
5186,12.51497004967222
5187,12.51497004967222
5188,12.51497004967222
5189,12.51497004967222
5190,12.51497004967222
5191,12.51497004967222
5192,12.51497004967222
5193,12.51497004967222
5194,12.51497004967222
5195,12.51497004967222
5196,12.51497004967222
5197,12.51497004967222
5198,12.51497004967222
5199,12.51497004967222
5200,12.51497004967222
5201,12.51497004967222
5202,12.51497004967222
5203,12.48976364909237
5204,12.48976364909237
5205,12.48976364909237
5206,12.48976364909237
5207,12.48976364909237
5208,12.48976364909237
5209,12.48976364909237
5210,12.48976364909237
5211,12.48976364909237
5212,12.48976364909237
5213,12.48976364909237
5214,12.48976364909237
5215,12.48976364909237
5216,12.48976364909237
5217,12.48976364909237
5218,12.48976364909237
5219,12.48976364909237
5220,12.48976364909237
5221,12.48976364909237
5222,12.48976364909237
5223,12.48976364909237
5224,12.48976364909237
5225,12.48976364909237
5226,12.48976364909237
5227,12.48976364909237
5228,12.48976364909237
5229,12.48976364909237
5230,12.48976364909237
5231,12.48976364909237
5232,12.48976364909237
5233,12.48976364909237
5234,12.48976364909237
5235,12.48976364909237
5236,12.48976364909237
5237,12.48976364909237
5238,12.48976364909237
5239,12.48976364909237
5240,12.48976364909237
5241,12.48976364909237
5242,12.48976364909237
5243,12.48976364909237
5244,12.48976364909237
5245,12.48976364909237
5246,12.48976364909237
5247,12.48976364909237
5248,12.48976364909237
5249,12.48976364909237
5250,12.48976364909237
5251,12.48976364909237
5252,12.48976364909237
5253,12.48976364909237
5254,12.48976364909237
5255,12.48976364909237
5256,12.48976364909237
5257,12.48976364909237
5258,12.48976364909237
5259,12.48976364909237
5260,12.48976364909237
5261,12.48976364909237
5262,12.48976364909237
5263,12.48976364909237
5264,12.48976364909237
5265,12.48976364909237
5266,12.48976364909237
5267,12.48976364909237
5268,12.48976364909237
5269,12.48976364909237
5270,12.48976364909237
5271,12.48976364909237
5272,12.48976364909237
5273,12.48976364909237
5274,12.48976364909237
5275,12.48976364909237
5276,12.48976364909237
5277,12.48976364909237
5278,12.48976364909237
5279,12.48976364909237
5280,12.48976364909237
5281,12.48976364909237
5282,12.48976364909237
5283,12.48976364909237
5284,12.48976364909237
5285,12.48976364909237
5286,12.48976364909237
5287,12.48976364909237
5288,12.48976364909237
5289,12.48976364909237
5290,12.48976364909237
5291,12.48976364909237
5292,12.48976364909237
5293,12.48976364909237
5294,12.48976364909237
5295,12.48976364909237
5296,12.48976364909237
5297,12.48976364909237
5298,12.48976364909237
5299,12.48976364909237
5300,12.48976364909237
5301,12.48976364909237
5302,12.48976364909237
5303,12.48976364909237
5304,12.48976364909237
5305,12.48976364909237
5306,12.48976364909237
5307,12.48976364909237
5308,12.48976364909237
5309,12.48976364909237
5310,12.472931710004177
5311,12.472931710004177
5312,12.472931710004177
5313,12.472931710004177
5314,12.472931710004177
5315,12.472931710004177
5316,12.472931710004177
5317,12.472931710004177
5318,12.472931710004177
5319,12.472931710004177
5320,12.472931710004177
5321,12.472931710004177
5322,12.472931710004177
5323,12.472931710004177
5324,12.472931710004177
5325,12.472931710004177
5326,12.472931710004177
5327,12.472931710004177
5328,12.472931710004177
5329,12.472931710004177
5330,12.472931710004177
5331,12.472931710004177
5332,12.472931710004177
5333,12.472931710004177
5334,12.472931710004177
5335,12.472931710004177
5336,12.472931710004177
5337,12.472931710004177
5338,12.472931710004177
5339,12.472931710004177
5340,12.472931710004177
5341,12.472931710004177
5342,12.472931710004177
5343,12.472931710004177
5344,12.472931710004177
5345,12.472931710004177
5346,12.472931710004177
5347,12.472931710004177
5348,12.472931710004177
5349,12.472931710004177
5350,12.472931710004177
5351,12.472931710004177
5352,12.472931710004177
5353,12.472931710004177
5354,12.472931710004177
5355,12.472931710004177
5356,12.472931710004177
5357,12.472931710004177
5358,12.472931710004177
5359,12.472931710004177
5360,12.472931710004177
5361,12.472931710004177
5362,12.472931710004177
5363,12.472931710004177
5364,12.472931710004177
5365,12.472931710004177
5366,12.472931710004177
5367,12.472931710004177
5368,12.472931710004177
5369,12.472931710004177
5370,12.472931710004177
5371,12.472931710004177
5372,12.472931710004177
5373,12.472931710004177
5374,12.472931710004177
5375,12.472931710004177
5376,12.472931710004177
5377,12.472931710004177
5378,12.472931710004177
5379,12.472931710004177
5380,12.472931710004177
5381,12.472931710004177
5382,12.472931710004177
5383,12.472931710004177
5384,12.472931710004177
5385,12.472931710004177
5386,12.472931710004177
5387,12.472931710004177
5388,12.472931710004177
5389,12.472931710004177
5390,12.472931710004177
5391,12.472931710004177
5392,12.472931710004177
5393,12.472931710004177
5394,12.472931710004177
5395,12.472931710004177
5396,12.472931710004177
5397,12.472931710004177
5398,12.472931710004177
5399,12.472931710004177
5400,12.472931710004177
5401,12.472931710004177
5402,12.472931710004177
5403,12.472931710004177
5404,12.472931710004177
5405,12.472931710004177
5406,12.472931710004177
5407,12.472931710004177
5408,12.472931710004177
5409,12.472931710004177
5410,12.472931710004177
5411,12.472931710004177
5412,12.472931710004177
5413,12.472931710004177
5414,12.472931710004177
5415,12.472931710004177
5416,12.472931710004177
5417,12.472931710004177
5418,12.472931710004177
5419,12.472931710004177
5420,12.472931710004177
5421,12.472931710004177
5422,12.472931710004177
5423,12.472931710004177
5424,12.472931710004177
5425,12.472931710004177
5426,12.472931710004177
5427,12.45657470922198
5428,12.45657470922198
5429,12.45657470922198
5430,12.45657470922198
5431,12.45657470922198
5432,12.45657470922198
5433,12.45657470922198
5434,12.45657470922198
5435,12.45657470922198
5436,12.45657470922198
5437,12.45657470922198
5438,12.45657470922198
5439,12.45657470922198
5440,12.45657470922198
5441,12.45657470922198
5442,12.45657470922198
5443,12.45657470922198
5444,12.45657470922198
5445,12.45657470922198
5446,12.45657470922198
5447,12.45657470922198
5448,12.45657470922198
5449,12.45657470922198
5450,12.45657470922198
5451,12.45657470922198
5452,12.45657470922198
5453,12.45657470922198
5454,12.45657470922198
5455,12.45657470922198
5456,12.45657470922198
5457,12.45657470922198
5458,12.45657470922198
5459,12.45657470922198
5460,12.45657470922198
5461,12.45657470922198
5462,12.45657470922198
5463,12.45657470922198
5464,12.45657470922198
5465,12.45657470922198
5466,12.45657470922198
5467,12.45657470922198
5468,12.45657470922198
5469,12.45657470922198
5470,12.45657470922198
5471,12.45657470922198
5472,12.45657470922198
5473,12.45657470922198
5474,12.45657470922198
5475,12.45657470922198
5476,12.45657470922198
5477,12.45657470922198
5478,12.45657470922198
5479,12.45657470922198
5480,12.45657470922198
5481,12.45657470922198
5482,12.45657470922198
5483,12.45657470922198
5484,12.45657470922198
5485,12.45657470922198
5486,12.45657470922198
5487,12.45657470922198
5488,12.45657470922198
5489,12.45657470922198
5490,12.45657470922198
5491,12.45657470922198
5492,12.45657470922198
5493,12.45657470922198
5494,12.45657470922198
5495,12.45657470922198
5496,12.45657470922198
5497,12.45657470922198
5498,12.45657470922198
5499,12.45657470922198
5500,12.45657470922198
5501,12.45657470922198
5502,12.45657470922198
5503,12.45657470922198
5504,12.45657470922198
5505,12.45657470922198
5506,12.45657470922198
5507,12.45657470922198
5508,12.45657470922198
5509,12.45657470922198
5510,12.45657470922198
5511,12.45657470922198
5512,12.45657470922198
5513,12.45657470922198
5514,12.45657470922198
5515,12.45657470922198
5516,12.45657470922198
5517,12.45657470922198
5518,12.45657470922198
5519,12.45657470922198
5520,12.45657470922198
5521,12.45657470922198
5522,12.45657470922198
5523,12.45657470922198
5524,12.45657470922198
5525,12.45657470922198
5526,12.45657470922198
5527,12.45657470922198
5528,12.45657470922198
5529,12.45657470922198
5530,12.45657470922198
5531,12.45657470922198
5532,12.45657470922198
5533,12.45657470922198
5534,12.45657470922198
5535,12.45657470922198
5536,12.45657470922198
5537,12.45657470922198
5538,12.45657470922198
5539,12.45657470922198
5540,12.45657470922198
5541,12.45657470922198
5542,12.45657470922198
5543,12.45657470922198
5544,12.45657470922198
5545,12.45657470922198
5546,12.45657470922198
5547,12.45657470922198
5548,12.45657470922198
5549,12.45657470922198
5550,12.45657470922198
5551,12.45657470922198
5552,12.45657470922198
5553,12.45657470922198
5554,12.45657470922198
5555,12.45657470922198
5556,12.45657470922198
5557,12.45657470922198
5558,12.45657470922198
5559,12.45657470922198
5560,12.45657470922198
5561,12.45657470922198
5562,12.45657470922198
5563,12.45657470922198
5564,12.45657470922198
5565,12.45657470922198
5566,12.45657470922198
5567,12.45657470922198
5568,12.45657470922198
5569,12.45657470922198
5570,12.45657470922198
5571,12.45657470922198
5572,12.45657470922198
5573,12.45657470922198
5574,12.45657470922198
5575,12.45657470922198
5576,12.45657470922198
5577,12.45657470922198
5578,12.45657470922198
5579,12.45657470922198
5580,12.45657470922198
5581,12.45657470922198
5582,12.45657470922198
5583,12.45657470922198
5584,12.45657470922198
5585,12.45657470922198
5586,12.45657470922198
5587,12.45657470922198
5588,12.45657470922198
5589,12.45657470922198
5590,12.45657470922198
5591,12.45657470922198
5592,12.45657470922198
5593,12.45657470922198
5594,12.45657470922198
5595,12.45657470922198
5596,12.45657470922198
5597,12.45657470922198
5598,12.45657470922198
5599,12.45657470922198
5600,12.45657470922198
5601,12.45657470922198
5602,12.45657470922198
5603,12.45657470922198
5604,12.45657470922198
5605,12.45657470922198
5606,12.45657470922198
5607,12.45657470922198
5608,12.45657470922198
5609,12.45657470922198
5610,12.45657470922198
5611,12.45657470922198
5612,12.45657470922198
5613,12.45657470922198
5614,12.45657470922198
5615,12.45657470922198
5616,12.45657470922198
5617,12.45657470922198
5618,12.45657470922198
5619,12.45657470922198
5620,12.45657470922198
5621,12.45657470922198
5622,12.45657470922198
5623,12.45657470922198
5624,12.45657470922198
5625,12.45657470922198
5626,12.45657470922198
5627,12.45657470922198
5628,12.45657470922198
5629,12.45657470922198
5630,12.45657470922198
5631,12.45657470922198
5632,12.45657470922198
5633,12.45657470922198
5634,12.45657470922198
5635,12.45657470922198
5636,12.45657470922198
5637,12.45657470922198
5638,12.45657470922198
5639,12.45657470922198
5640,12.45657470922198
5641,12.45657470922198
5642,12.45657470922198
5643,12.45657470922198
5644,12.45657470922198
5645,12.45657470922198
5646,12.45657470922198
5647,12.45657470922198
5648,12.45657470922198
5649,12.45657470922198
5650,12.45657470922198
5651,12.45657470922198
5652,12.45657470922198
5653,12.45657470922198
5654,12.45657470922198
5655,12.45657470922198
5656,12.45657470922198
5657,12.45657470922198
5658,12.45657470922198
5659,12.45657470922198
5660,12.45657470922198
5661,12.45657470922198
5662,12.45657470922198
5663,12.45657470922198
5664,12.45657470922198
5665,12.45657470922198
5666,12.45657470922198
5667,12.45657470922198
5668,12.45657470922198
5669,12.45657470922198
5670,12.45657470922198
5671,12.45657470922198
5672,12.45657470922198
5673,12.45657470922198
5674,12.45657470922198
5675,12.45657470922198
5676,12.45657470922198
5677,12.45657470922198
5678,12.45657470922198
5679,12.45657470922198
5680,12.45657470922198
5681,12.45657470922198
5682,12.45657470922198
5683,12.45657470922198
5684,12.45657470922198
5685,12.45657470922198
5686,12.45657470922198
5687,12.45657470922198
5688,12.45657470922198
5689,12.45657470922198
5690,12.45657470922198
5691,12.45657470922198
5692,12.45657470922198
5693,12.45657470922198
5694,12.45657470922198
5695,12.45657470922198
5696,12.45657470922198
5697,12.45657470922198
5698,12.45657470922198
5699,12.45657470922198
5700,12.45657470922198
5701,12.45657470922198
5702,12.45657470922198
5703,12.45657470922198
5704,12.45657470922198
5705,12.45657470922198
5706,12.45657470922198
5707,12.45657470922198
5708,12.45657470922198
5709,12.45657470922198
5710,12.45657470922198
5711,12.45657470922198
5712,12.45657470922198
5713,12.45657470922198
5714,12.45657470922198
5715,12.45657470922198
5716,12.45657470922198
5717,12.45657470922198
5718,12.45657470922198
5719,12.45657470922198
5720,12.45657470922198
5721,12.45657470922198
5722,12.45657470922198
5723,12.45657470922198
5724,12.45657470922198
5725,12.45657470922198
5726,12.45657470922198
5727,12.45657470922198
5728,12.45657470922198
5729,12.45657470922198
5730,12.45657470922198
5731,12.45657470922198
5732,12.45657470922198
5733,12.45657470922198
5734,12.45657470922198
5735,12.45657470922198
5736,12.45657470922198
5737,12.45657470922198
5738,12.45657470922198
5739,12.45657470922198
5740,12.45657470922198
5741,12.45657470922198
5742,12.45657470922198
5743,12.45657470922198
5744,12.45657470922198
5745,12.45657470922198
5746,12.45657470922198
5747,12.45657470922198
5748,12.45657470922198
5749,12.45657470922198
5750,12.45657470922198
5751,12.45657470922198
5752,12.45657470922198
5753,12.45657470922198
5754,12.45657470922198
5755,12.45657470922198
5756,12.45657470922198
5757,12.45657470922198
5758,12.45657470922198
5759,12.45657470922198
5760,12.45657470922198
5761,12.45657470922198
5762,12.45657470922198
5763,12.45657470922198
5764,12.45657470922198
5765,12.45657470922198
5766,12.45657470922198
5767,12.45657470922198
5768,12.45657470922198
5769,12.45657470922198
5770,12.45657470922198
5771,12.45657470922198
5772,12.352464138246306
5773,12.352464138246306
5774,12.352464138246306
5775,12.352464138246306
5776,12.352464138246306
5777,12.352464138246306
5778,12.352464138246306
5779,12.352464138246306
5780,12.352464138246306
5781,12.352464138246306
5782,12.352464138246306
5783,12.352464138246306
5784,12.352464138246306
5785,12.352464138246306
5786,12.352464138246306
5787,12.352464138246306
5788,12.352464138246306
5789,12.352464138246306
5790,12.352464138246306
5791,12.352464138246306
5792,12.352464138246306
5793,12.352464138246306
5794,12.352464138246306
5795,12.352464138246306
5796,12.352464138246306
5797,12.352464138246306
5798,12.352464138246306
5799,12.352464138246306
5800,12.352464138246306
5801,12.352464138246306
5802,12.352464138246306
5803,12.352464138246306
5804,12.352464138246306
5805,12.352464138246306
5806,12.352464138246306
5807,12.352464138246306
5808,12.352464138246306
5809,12.352464138246306
5810,12.352464138246306
5811,12.352464138246306
5812,12.352464138246306
5813,12.352464138246306
5814,12.352464138246306
5815,12.352464138246306
5816,12.352464138246306
5817,12.352464138246306
5818,12.352464138246306
5819,12.352464138246306
5820,12.352464138246306
5821,12.352464138246306
5822,12.352464138246306
5823,12.352464138246306
5824,12.352464138246306
5825,12.352464138246306
5826,12.352464138246306
5827,12.352464138246306
5828,12.352464138246306
5829,12.352464138246306
5830,12.352464138246306
5831,12.352464138246306
5832,12.352464138246306
5833,12.352464138246306
5834,12.352464138246306
5835,12.352464138246306
5836,12.352464138246306
5837,12.352464138246306
5838,12.352464138246306
5839,12.352464138246306
5840,12.352464138246306
5841,12.352464138246306
5842,12.352464138246306
5843,12.352464138246306
5844,12.352464138246306
5845,12.352464138246306
5846,12.352464138246306
5847,12.352464138246306
5848,12.352464138246306
5849,12.352464138246306
5850,12.352464138246306
5851,12.352464138246306
5852,12.352464138246306
5853,12.352464138246306
5854,12.352464138246306
5855,12.352464138246306
5856,12.352464138246306
5857,12.352464138246306
5858,12.352464138246306
5859,12.352464138246306
5860,12.352464138246306
5861,12.352464138246306
5862,12.352464138246306
5863,12.352464138246306
5864,12.352464138246306
5865,12.352464138246306
5866,12.352464138246306
5867,12.352464138246306
5868,12.352464138246306
5869,12.352464138246306
5870,12.352464138246306
5871,12.352464138246306
5872,12.352464138246306
5873,12.352464138246306
5874,12.352464138246306
5875,12.352464138246306
5876,12.352464138246306
5877,12.352464138246306
5878,12.352464138246306
5879,12.352464138246306
5880,12.352464138246306
5881,12.352464138246306
5882,12.352464138246306
5883,12.352464138246306
5884,12.352464138246306
5885,12.352464138246306
5886,12.352464138246306
5887,12.352464138246306
5888,12.352464138246306
5889,12.352464138246306
5890,12.352464138246306
5891,12.352464138246306
5892,12.352464138246306
5893,12.352464138246306
5894,12.352464138246306
5895,12.352464138246306
5896,12.352464138246306
5897,12.352464138246306
5898,12.352464138246306
5899,12.352464138246306
5900,12.352464138246306
5901,12.352464138246306
5902,12.352464138246306
5903,12.352464138246306
5904,12.352464138246306
5905,12.352464138246306
5906,12.352464138246306
5907,12.352464138246306
5908,12.352464138246306
5909,12.352464138246306
5910,12.352464138246306
5911,12.352464138246306
5912,12.352464138246306
5913,12.352464138246306
5914,12.352464138246306
5915,12.352464138246306
5916,12.352464138246306
5917,12.352464138246306
5918,12.352464138246306
5919,12.352464138246306
5920,12.352464138246306
5921,12.352464138246306
5922,12.352464138246306
5923,12.352464138246306
5924,12.352464138246306
5925,12.352464138246306
5926,12.352464138246306
5927,12.352464138246306
5928,12.352464138246306
5929,12.352464138246306
5930,12.352464138246306
5931,12.352464138246306
5932,12.352464138246306
5933,12.352464138246306
5934,12.352464138246306
5935,12.352464138246306
5936,12.352464138246306
5937,12.352464138246306
5938,12.352464138246306
5939,12.352464138246306
5940,12.352464138246306
5941,12.352464138246306
5942,12.352464138246306
5943,12.352464138246306
5944,12.352464138246306
5945,12.352464138246306
5946,12.352464138246306
5947,12.352464138246306
5948,12.352464138246306
5949,12.352464138246306
5950,12.352464138246306
5951,12.352464138246306
5952,12.352464138246306
5953,12.352464138246306
5954,12.352464138246306
5955,12.352464138246306
5956,12.352464138246306
5957,12.352464138246306
5958,12.352464138246306
5959,12.352464138246306
5960,12.352464138246306
5961,12.352464138246306
5962,12.352464138246306
5963,12.352464138246306
5964,12.352464138246306
5965,12.352464138246306
5966,12.352464138246306
5967,12.352464138246306
5968,12.352464138246306
5969,12.352464138246306
5970,12.352464138246306
5971,12.352464138246306
5972,12.352464138246306
5973,12.352464138246306
5974,12.352464138246306
5975,12.352464138246306
5976,12.352464138246306
5977,12.352464138246306
5978,12.352464138246306
5979,12.352464138246306
5980,12.352464138246306
5981,12.352464138246306
5982,12.352464138246306
5983,12.352464138246306
5984,12.352464138246306
5985,12.352464138246306
5986,12.352464138246306
5987,12.352464138246306
5988,12.352464138246306
5989,12.352464138246306
5990,12.352464138246306
5991,12.352464138246306
5992,12.352464138246306
5993,12.352464138246306
5994,12.352464138246306
5995,12.352464138246306
5996,12.352464138246306
5997,12.352464138246306
5998,12.352464138246306
5999,12.352464138246306
6000,12.352464138246306
6001,12.352464138246306
6002,12.352464138246306
6003,12.352464138246306
6004,12.352464138246306
6005,12.352464138246306
6006,12.352464138246306
6007,12.352464138246306
6008,12.352464138246306
6009,12.352464138246306
6010,12.352464138246306
6011,12.352464138246306
6012,12.352464138246306
6013,12.352464138246306
6014,12.352464138246306
6015,12.352464138246306
6016,12.352464138246306
6017,12.352464138246306
6018,12.352464138246306
6019,12.352464138246306
6020,12.352464138246306
6021,12.352464138246306
6022,12.352464138246306
6023,12.352464138246306
6024,12.352464138246306
6025,12.352464138246306
6026,12.352464138246306
6027,12.352464138246306
6028,12.352464138246306
6029,12.352464138246306
6030,12.352464138246306
6031,12.352464138246306
6032,12.352464138246306
6033,12.352464138246306
6034,12.352464138246306
6035,12.352464138246306
6036,12.352464138246306
6037,12.352464138246306
6038,12.352464138246306
6039,12.352464138246306
6040,12.352464138246306
6041,12.352464138246306
6042,12.352464138246306
6043,12.352464138246306
6044,12.352464138246306
6045,12.352464138246306
6046,12.352464138246306
6047,12.352464138246306
6048,12.352464138246306
6049,12.352464138246306
6050,12.352464138246306
6051,12.352464138246306
6052,12.352464138246306
6053,12.352464138246306
6054,12.352464138246306
6055,12.352464138246306
6056,12.352464138246306
6057,12.352464138246306
6058,12.352464138246306
6059,12.352464138246306
6060,12.352464138246306
6061,12.352464138246306
6062,12.352464138246306
6063,12.352464138246306
6064,12.352464138246306
6065,12.352464138246306
6066,12.352464138246306
6067,12.352464138246306
6068,12.352464138246306
6069,12.352464138246306
6070,12.352464138246306
6071,12.352464138246306
6072,12.352464138246306
6073,12.352464138246306
6074,12.352464138246306
6075,12.352464138246306
6076,12.352464138246306
6077,12.352464138246306
6078,12.352464138246306
6079,12.352464138246306
6080,12.352464138246306
6081,12.352464138246306
6082,12.352464138246306
6083,12.352464138246306
6084,12.352464138246306
6085,12.31774071152738
6086,12.31774071152738
6087,12.31774071152738
6088,12.31774071152738
6089,12.31774071152738
6090,12.31774071152738
6091,12.31774071152738
6092,12.31774071152738
6093,12.31774071152738
6094,12.31774071152738
6095,12.31774071152738
6096,12.31774071152738
6097,12.31774071152738
6098,12.31774071152738
6099,12.31774071152738
6100,12.31774071152738
6101,12.31774071152738
6102,12.31774071152738
6103,12.31774071152738
6104,12.31774071152738
6105,12.31774071152738
6106,12.31774071152738
6107,12.31774071152738
6108,12.31774071152738
6109,12.31774071152738
6110,12.31774071152738
6111,12.31774071152738
6112,12.31774071152738
6113,12.31774071152738
6114,12.31774071152738
6115,12.31774071152738
6116,12.31774071152738
6117,12.31774071152738
6118,12.31774071152738
6119,12.31774071152738
6120,12.31774071152738
6121,12.31774071152738
6122,12.31774071152738
6123,12.31774071152738
6124,12.31774071152738
6125,12.31774071152738
6126,12.31774071152738
6127,12.31774071152738
6128,12.31774071152738
6129,12.31774071152738
6130,12.31774071152738
6131,12.31774071152738
6132,12.31774071152738
6133,12.31774071152738
6134,12.31774071152738
6135,12.31774071152738
6136,12.31774071152738
6137,12.31774071152738
6138,12.31774071152738
6139,12.31774071152738
6140,12.31774071152738
6141,12.31774071152738
6142,12.31774071152738
6143,12.31774071152738
6144,12.31774071152738
6145,12.31774071152738
6146,12.31774071152738
6147,12.31774071152738
6148,12.31774071152738
6149,12.31774071152738
6150,12.303269407407853
6151,12.303269407407853
6152,12.303269407407853
6153,12.303269407407853
6154,12.303269407407853
6155,12.303269407407853
6156,12.303269407407853
6157,12.303269407407853
6158,12.303269407407853
6159,12.303269407407853
6160,12.303269407407853
6161,12.303269407407853
6162,12.303269407407853
6163,12.303269407407853
6164,12.303269407407853
6165,12.303269407407853
6166,12.303269407407853
6167,12.303269407407853
6168,12.303269407407853
6169,12.303269407407853
6170,12.303269407407853
6171,12.303269407407853
6172,12.303269407407853
6173,12.303269407407853
6174,12.303269407407853
6175,12.303269407407853
6176,12.303269407407853
6177,12.303269407407853
6178,12.303269407407853
6179,12.303269407407853
6180,12.303269407407853
6181,12.303269407407853
6182,12.303269407407853
6183,12.303269407407853
6184,12.303269407407853
6185,12.303269407407853
6186,12.303269407407853
6187,12.303269407407853
6188,12.303269407407853
6189,12.303269407407853
6190,12.303269407407853
6191,12.303269407407853
6192,12.303269407407853
6193,12.303269407407853
6194,12.303269407407853
6195,12.303269407407853
6196,12.303269407407853
6197,12.303269407407853
6198,12.303269407407853
6199,12.303269407407853
6200,12.303269407407853
6201,12.303269407407853
6202,12.303269407407853
6203,12.303269407407853
6204,12.278467358620187
6205,12.278467358620187
6206,12.278467358620187
6207,12.278467358620187
6208,12.278467358620187
6209,12.278467358620187
6210,12.278467358620187
6211,12.278467358620187
6212,12.278467358620187
6213,12.278467358620187
6214,12.278467358620187
6215,12.278467358620187
6216,12.278467358620187
6217,12.278467358620187
6218,12.278467358620187
6219,12.278467358620187
6220,12.278467358620187
6221,12.278467358620187
6222,12.278467358620187
6223,12.278467358620187
6224,12.278467358620187
6225,12.278467358620187
6226,12.278467358620187
6227,12.278467358620187
6228,12.278467358620187
6229,12.278467358620187
6230,12.278467358620187
6231,12.278467358620187
6232,12.278467358620187
6233,12.151753210812021
6234,12.151753210812021
6235,12.151753210812021
6236,12.151753210812021
6237,12.151753210812021
6238,12.151753210812021
6239,12.151753210812021
6240,12.151753210812021
6241,12.151753210812021
6242,12.151753210812021
6243,12.151753210812021
6244,12.151753210812021
6245,12.151753210812021
6246,12.151753210812021
6247,12.151753210812021
6248,12.151753210812021
6249,12.151753210812021
6250,12.151753210812021
6251,12.151753210812021
6252,12.151753210812021
6253,12.151753210812021
6254,12.151753210812021
6255,12.151753210812021
6256,12.151753210812021
6257,12.151753210812021
6258,12.151753210812021
6259,12.151753210812021
6260,12.151753210812021
6261,12.151753210812021
6262,12.151753210812021
6263,12.151753210812021
6264,12.151753210812021
6265,12.151753210812021
6266,12.151753210812021
6267,12.151753210812021
6268,12.151753210812021
6269,12.151753210812021
6270,12.151753210812021
6271,12.151753210812021
6272,12.151753210812021
6273,12.151753210812021
6274,12.151753210812021
6275,12.151753210812021
6276,12.151753210812021
6277,12.151753210812021
6278,12.151753210812021
6279,12.151753210812021
6280,12.151753210812021
6281,12.151753210812021
6282,12.151753210812021
6283,12.151753210812021
6284,12.151753210812021
6285,12.151753210812021
6286,12.151753210812021
6287,12.151753210812021
6288,12.151753210812021
6289,12.151753210812021
6290,12.151753210812021
6291,12.151753210812021
6292,12.151753210812021
6293,12.151753210812021
6294,12.151753210812021
6295,12.151753210812021
6296,12.151753210812021
6297,12.151753210812021
6298,12.151753210812021
6299,12.139999893809684
6300,12.139999893809684
6301,12.139999893809684
6302,12.139999893809684
6303,12.139999893809684
6304,12.139999893809684
6305,12.139999893809684
6306,12.139999893809684
6307,12.139999893809684
6308,12.139999893809684
6309,12.139999893809684
6310,12.139999893809684
6311,12.139999893809684
6312,12.060274680395448
6313,12.060274680395448
6314,12.060274680395448
6315,12.060274680395448
6316,12.060274680395448
6317,12.060274680395448
6318,12.060274680395448
6319,12.060274680395448
6320,12.060274680395448
6321,12.060274680395448
6322,12.060274680395448
6323,12.060274680395448
6324,12.060274680395448
6325,12.060274680395448
6326,12.060274680395448
6327,12.060274680395448
6328,12.060274680395448
6329,12.060274680395448
6330,12.060274680395448
6331,12.060274680395448
6332,12.060274680395448
6333,12.060274680395448
6334,12.060274680395448
6335,12.060274680395448
6336,12.060274680395448
6337,12.060274680395448
6338,12.060274680395448
6339,12.060274680395448
6340,12.060274680395448
6341,12.060274680395448
6342,12.060274680395448
6343,12.060274680395448
6344,12.060274680395448
6345,12.060274680395448
6346,12.060274680395448
6347,12.060274680395448
6348,12.060274680395448
6349,12.060274680395448
6350,12.060274680395448
6351,12.060274680395448
6352,12.060274680395448
6353,12.060274680395448
6354,12.060274680395448
6355,12.060274680395448
6356,12.060274680395448
6357,12.060274680395448
6358,12.060274680395448
6359,12.035759764642009
6360,12.035759764642009
6361,12.035759764642009
6362,12.035759764642009
6363,12.035759764642009
6364,12.035759764642009
6365,12.035759764642009
6366,12.035759764642009
6367,12.035759764642009
6368,12.035759764642009
6369,12.035759764642009
6370,12.035759764642009
6371,12.035759764642009
6372,12.035759764642009
6373,12.035759764642009
6374,12.035759764642009
6375,12.035759764642009
6376,12.035759764642009
6377,12.035759764642009
6378,12.035759764642009
6379,12.035759764642009
6380,12.035759764642009
6381,12.035759764642009
6382,12.035759764642009
6383,12.035759764642009
6384,12.035759764642009
6385,12.035759764642009
6386,12.035759764642009
6387,12.035759764642009
6388,12.035759764642009
6389,12.035759764642009
6390,12.035759764642009
6391,12.035759764642009
6392,12.035759764642009
6393,12.035759764642009
6394,12.035759764642009
6395,12.035759764642009
6396,12.035759764642009
6397,12.035759764642009
6398,12.035759764642009
6399,12.035759764642009
6400,12.035759764642009
6401,12.035759764642009
6402,12.035759764642009
6403,12.035759764642009
6404,11.994260510060624
6405,11.994260510060624
6406,11.994260510060624
6407,11.994260510060624
6408,11.988504113151507
6409,11.988504113151507
6410,11.988504113151507
6411,11.988504113151507
6412,11.988504113151507
6413,11.988504113151507
6414,11.988504113151507
6415,11.988504113151507
6416,11.988504113151507
6417,11.988504113151507
6418,11.988504113151507
6419,11.988504113151507
6420,11.988504113151507
6421,11.988504113151507
6422,11.988504113151507
6423,11.988504113151507
6424,11.988504113151507
6425,11.988504113151507
6426,11.988504113151507
6427,11.988504113151507
6428,11.988504113151507
6429,11.988504113151507
6430,11.988504113151507
6431,11.988504113151507
6432,11.988504113151507
6433,11.988504113151507
6434,11.988504113151507
6435,11.988504113151507
6436,11.988504113151507
6437,11.988504113151507
6438,11.988504113151507
6439,11.988504113151507
6440,11.988504113151507
6441,11.988504113151507
6442,11.988504113151507
6443,11.988504113151507
6444,11.988504113151507
6445,11.988504113151507
6446,11.988504113151507
6447,11.988504113151507
6448,11.988504113151507
6449,11.988504113151507
6450,11.988504113151507
6451,11.988504113151507
6452,11.988504113151507
6453,11.988504113151507
6454,11.988504113151507
6455,11.988504113151507
6456,11.988504113151507
6457,11.988504113151507
6458,11.988504113151507
6459,11.988504113151507
6460,11.988504113151507
6461,11.988504113151507
6462,11.988504113151507
6463,11.988504113151507
6464,11.988504113151507
6465,11.988504113151507
6466,11.988504113151507
6467,11.988504113151507
6468,11.988504113151507
6469,11.988504113151507
6470,11.988504113151507
6471,11.988504113151507
6472,11.988504113151507
6473,11.988504113151507
6474,11.988504113151507
6475,11.988504113151507
6476,11.988504113151507
6477,11.988504113151507
6478,11.988504113151507
6479,11.988504113151507
6480,11.988504113151507
6481,11.988504113151507
6482,11.988504113151507
6483,11.988504113151507
6484,11.988504113151507
6485,11.988504113151507
6486,11.988504113151507
6487,11.988504113151507
6488,11.988504113151507
6489,11.988504113151507
6490,11.988504113151507
6491,11.988504113151507
6492,11.988504113151507
6493,11.988504113151507
6494,11.988504113151507
6495,11.988504113151507
6496,11.988504113151507
6497,11.988504113151507
6498,11.988504113151507
6499,11.988504113151507
6500,11.988504113151507
6501,11.988504113151507
6502,11.988504113151507
6503,11.988504113151507
6504,11.988504113151507
6505,11.988504113151507
6506,11.988504113151507
6507,11.988504113151507
6508,11.988504113151507
6509,11.988504113151507
6510,11.988504113151507
6511,11.988504113151507
6512,11.988504113151507
6513,11.988504113151507
6514,11.988504113151507
6515,11.988504113151507
6516,11.988504113151507
6517,11.988504113151507
6518,11.988504113151507
6519,11.988504113151507
6520,11.988504113151507
6521,11.988504113151507
6522,11.988504113151507
6523,11.988504113151507
6524,11.988504113151507
6525,11.988504113151507
6526,11.93536580977132
6527,11.93536580977132
6528,11.93536580977132
6529,11.93536580977132
6530,11.93536580977132
6531,11.93536580977132
6532,11.93536580977132
6533,11.93536580977132
6534,11.93536580977132
6535,11.93536580977132
6536,11.93536580977132
6537,11.93536580977132
6538,11.93536580977132
6539,11.93536580977132
6540,11.93536580977132
6541,11.93536580977132
6542,11.93536580977132
6543,11.93536580977132
6544,11.93536580977132
6545,11.93536580977132
6546,11.93536580977132
6547,11.93536580977132
6548,11.93536580977132
6549,11.93536580977132
6550,11.93536580977132
6551,11.93536580977132
6552,11.93536580977132
6553,11.93536580977132
6554,11.93536580977132
6555,11.93536580977132
6556,11.93536580977132
6557,11.93536580977132
6558,11.93536580977132
6559,11.93536580977132
6560,11.93536580977132
6561,11.93536580977132
6562,11.93536580977132
6563,11.93536580977132
6564,11.93536580977132
6565,11.93536580977132
6566,11.93536580977132
6567,11.93536580977132
6568,11.93536580977132
6569,11.93536580977132
6570,11.93536580977132
6571,11.93536580977132
6572,11.93536580977132
6573,11.93536580977132
6574,11.93536580977132
6575,11.93536580977132
6576,11.93536580977132
6577,11.93536580977132
6578,11.93536580977132
6579,11.93536580977132
6580,11.93536580977132
6581,11.93536580977132
6582,11.93536580977132
6583,11.93536580977132
6584,11.93536580977132
6585,11.93536580977132
6586,11.93536580977132
6587,11.93536580977132
6588,11.93536580977132
6589,11.93536580977132
6590,11.93536580977132
6591,11.93536580977132
6592,11.93536580977132
6593,11.93536580977132
6594,11.93536580977132
6595,11.93536580977132
6596,11.93536580977132
6597,11.93536580977132
6598,11.93536580977132
6599,11.93536580977132
6600,11.93536580977132
6601,11.93536580977132
6602,11.93536580977132
6603,11.93536580977132
6604,11.93536580977132
6605,11.93536580977132
6606,11.93536580977132
6607,11.93536580977132
6608,11.93536580977132
6609,11.93536580977132
6610,11.93536580977132
6611,11.93536580977132
6612,11.93536580977132
6613,11.93536580977132
6614,11.93536580977132
6615,11.93536580977132
6616,11.93536580977132
6617,11.93536580977132
6618,11.93536580977132
6619,11.93536580977132
6620,11.93536580977132
6621,11.93536580977132
6622,11.93536580977132
6623,11.93536580977132
6624,11.93536580977132
6625,11.93536580977132
6626,11.93536580977132
6627,11.93536580977132
6628,11.93536580977132
6629,11.93536580977132
6630,11.93536580977132
6631,11.93536580977132
6632,11.93536580977132
6633,11.93536580977132
6634,11.93536580977132
6635,11.93536580977132
6636,11.93536580977132
6637,11.93536580977132
6638,11.93536580977132
6639,11.93536580977132
6640,11.93536580977132
6641,11.916933809290153
6642,11.916933809290153
6643,11.916933809290153
6644,11.916933809290153
6645,11.916933809290153
6646,11.916933809290153
6647,11.916933809290153
6648,11.916933809290153
6649,11.916933809290153
6650,11.916933809290153
6651,11.916933809290153
6652,11.916933809290153
6653,11.916933809290153
6654,11.916933809290153
6655,11.916933809290153
6656,11.916933809290153
6657,11.916933809290153
6658,11.916933809290153
6659,11.916933809290153
6660,11.916933809290153
6661,11.916933809290153
6662,11.916933809290153
6663,11.916933809290153
6664,11.916933809290153
6665,11.916933809290153
6666,11.916933809290153
6667,11.916933809290153
6668,11.916933809290153
6669,11.916933809290153
6670,11.916933809290153
6671,11.916933809290153
6672,11.916933809290153
6673,11.916933809290153
6674,11.916933809290153
6675,11.916933809290153
6676,11.916933809290153
6677,11.916933809290153
6678,11.916933809290153
6679,11.916933809290153
6680,11.916933809290153
6681,11.916933809290153
6682,11.916933809290153
6683,11.916933809290153
6684,11.916933809290153
6685,11.916933809290153
6686,11.916933809290153
6687,11.916933809290153
6688,11.916933809290153
6689,11.916933809290153
6690,11.916933809290153
6691,11.916933809290153
6692,11.916933809290153
6693,11.916933809290153
6694,11.916933809290153
6695,11.916933809290153
6696,11.916933809290153
6697,11.916933809290153
6698,11.916933809290153
6699,11.916933809290153
6700,11.916933809290153
6701,11.916933809290153
6702,11.916933809290153
6703,11.916933809290153
6704,11.916933809290153
6705,11.916933809290153
6706,11.916933809290153
6707,11.916933809290153
6708,11.916933809290153
6709,11.916933809290153
6710,11.916933809290153
6711,11.916933809290153
6712,11.916933809290153
6713,11.916933809290153
6714,11.916933809290153
6715,11.916933809290153
6716,11.916933809290153
6717,11.916933809290153
6718,11.916933809290153
6719,11.916933809290153
6720,11.916933809290153
6721,11.916933809290153
6722,11.916933809290153
6723,11.916933809290153
6724,11.916933809290153
6725,11.916933809290153
6726,11.916933809290153
6727,11.916933809290153
6728,11.916933809290153
6729,11.916933809290153
6730,11.916933809290153
6731,11.916933809290153
6732,11.916933809290153
6733,11.916933809290153
6734,11.916933809290153
6735,11.916933809290153
6736,11.916933809290153
6737,11.916933809290153
6738,11.916933809290153
6739,11.916933809290153
6740,11.916933809290153
6741,11.916933809290153
6742,11.916933809290153
6743,11.916933809290153
6744,11.916933809290153
6745,11.916933809290153
6746,11.916933809290153
6747,11.916933809290153
6748,11.916933809290153
6749,11.916933809290153
6750,11.916933809290153
6751,11.916933809290153
6752,11.916933809290153
6753,11.916933809290153
6754,11.916933809290153
6755,11.916933809290153
6756,11.916933809290153
6757,11.916933809290153
6758,11.916933809290153
6759,11.916933809290153
6760,11.916933809290153
6761,11.916933809290153
6762,11.916933809290153
6763,11.916933809290153
6764,11.916933809290153
6765,11.916933809290153
6766,11.916933809290153
6767,11.916933809290153
6768,11.916933809290153
6769,11.916933809290153
6770,11.916933809290153
6771,11.916933809290153
6772,11.916933809290153
6773,11.916933809290153
6774,11.916933809290153
6775,11.916933809290153
6776,11.916933809290153
6777,11.916933809290153
6778,11.916933809290153
6779,11.916933809290153
6780,11.916933809290153
6781,11.916933809290153
6782,11.916933809290153
6783,11.916933809290153
6784,11.916933809290153
6785,11.916933809290153
6786,11.916933809290153
6787,11.916933809290153
6788,11.916933809290153
6789,11.916933809290153
6790,11.916933809290153
6791,11.916933809290153
6792,11.916933809290153
6793,11.916933809290153
6794,11.916933809290153
6795,11.916933809290153
6796,11.916933809290153
6797,11.916933809290153
6798,11.916933809290153
6799,11.916933809290153
6800,11.916933809290153
6801,11.916933809290153
6802,11.916933809290153
6803,11.916933809290153
6804,11.916933809290153
6805,11.916933809290153
6806,11.916933809290153
6807,11.916933809290153
6808,11.916933809290153
6809,11.916933809290153
6810,11.916933809290153
6811,11.916933809290153
6812,11.916933809290153
6813,11.916933809290153
6814,11.916933809290153
6815,11.916933809290153
6816,11.916933809290153
6817,11.916933809290153
6818,11.916933809290153
6819,11.916933809290153
6820,11.916933809290153
6821,11.916933809290153
6822,11.916933809290153
6823,11.916933809290153
6824,11.916933809290153
6825,11.916933809290153
6826,11.916933809290153
6827,11.916933809290153
6828,11.916933809290153
6829,11.916933809290153
6830,11.916933809290153
6831,11.916933809290153
6832,11.916933809290153
6833,11.916933809290153
6834,11.916933809290153
6835,11.916933809290153
6836,11.916933809290153
6837,11.916933809290153
6838,11.916933809290153
6839,11.916933809290153
6840,11.916933809290153
6841,11.916933809290153
6842,11.916933809290153
6843,11.916933809290153
6844,11.916933809290153
6845,11.916933809290153
6846,11.916933809290153
6847,11.916933809290153
6848,11.916933809290153
6849,11.916933809290153
6850,11.916933809290153
6851,11.916933809290153
6852,11.916933809290153
6853,11.916933809290153
6854,11.916933809290153
6855,11.916933809290153
6856,11.916933809290153
6857,11.916933809290153
6858,11.916933809290153
6859,11.916933809290153
6860,11.916933809290153
6861,11.916933809290153
6862,11.916933809290153
6863,11.916933809290153
6864,11.916933809290153
6865,11.916933809290153
6866,11.916933809290153
6867,11.916933809290153
6868,11.916933809290153
6869,11.916933809290153
6870,11.916933809290153
6871,11.916933809290153
6872,11.916933809290153
6873,11.916933809290153
6874,11.916933809290153
6875,11.916933809290153
6876,11.916933809290153
6877,11.916933809290153
6878,11.916933809290153
6879,11.916933809290153
6880,11.916933809290153
6881,11.916933809290153
6882,11.916933809290153
6883,11.916933809290153
6884,11.916933809290153
6885,11.916933809290153
6886,11.916933809290153
6887,11.916933809290153
6888,11.916933809290153
6889,11.916933809290153
6890,11.916933809290153
6891,11.916933809290153
6892,11.916933809290153
6893,11.916933809290153
6894,11.916933809290153
6895,11.916933809290153
6896,11.916933809290153
6897,11.916933809290153
6898,11.916933809290153
6899,11.916933809290153
6900,11.916933809290153
6901,11.916933809290153
6902,11.916933809290153
6903,11.916933809290153
6904,11.916933809290153
6905,11.916933809290153
6906,11.916933809290153
6907,11.916933809290153
6908,11.916933809290153
6909,11.916933809290153
6910,11.916933809290153
6911,11.916933809290153
6912,11.916933809290153
6913,11.916933809290153
6914,11.916933809290153
6915,11.916933809290153
6916,11.916933809290153
6917,11.916933809290153
6918,11.916933809290153
6919,11.916933809290153
6920,11.916933809290153
6921,11.916933809290153
6922,11.916933809290153
6923,11.916933809290153
6924,11.916933809290153
6925,11.916933809290153
6926,11.916933809290153
6927,11.916933809290153
6928,11.916933809290153
6929,11.916933809290153
6930,11.916933809290153
6931,11.916933809290153
6932,11.916933809290153
6933,11.916933809290153
6934,11.916933809290153
6935,11.916933809290153
6936,11.916933809290153
6937,11.916933809290153
6938,11.916933809290153
6939,11.916933809290153
6940,11.916933809290153
6941,11.916933809290153
6942,11.916933809290153
6943,11.916933809290153
6944,11.916933809290153
6945,11.916933809290153
6946,11.916933809290153
6947,11.916933809290153
6948,11.916933809290153
6949,11.916933809290153
6950,11.916933809290153
6951,11.916933809290153
6952,11.916933809290153
6953,11.916933809290153
6954,11.916933809290153
6955,11.916933809290153
6956,11.916933809290153
6957,11.916933809290153
6958,11.916933809290153
6959,11.916933809290153
6960,11.916933809290153
6961,11.916933809290153
6962,11.916933809290153
6963,11.916933809290153
6964,11.916933809290153
6965,11.916933809290153
6966,11.916933809290153
6967,11.916933809290153
6968,11.916933809290153
6969,11.916933809290153
6970,11.916933809290153
6971,11.916933809290153
6972,11.916933809290153
6973,11.916933809290153
6974,11.916933809290153
6975,11.916933809290153
6976,11.916933809290153
6977,11.916933809290153
6978,11.916933809290153
6979,11.916933809290153
6980,11.916933809290153
6981,11.916933809290153
6982,11.916933809290153
6983,11.916933809290153
6984,11.916933809290153
6985,11.916933809290153
6986,11.916933809290153
6987,11.916933809290153
6988,11.916933809290153
6989,11.916933809290153
6990,11.916933809290153
6991,11.916933809290153
6992,11.916933809290153
6993,11.916933809290153
6994,11.916933809290153
6995,11.916933809290153
6996,11.916933809290153
6997,11.916933809290153
6998,11.916933809290153
6999,11.916933809290153
7000,11.916933809290153
7001,11.916933809290153
7002,11.916933809290153
7003,11.916933809290153
7004,11.916933809290153
7005,11.916933809290153
7006,11.916933809290153
7007,11.916933809290153
7008,11.916933809290153
7009,11.916933809290153
7010,11.916933809290153
7011,11.916933809290153
7012,11.916933809290153
7013,11.916933809290153
7014,11.916933809290153
7015,11.916933809290153
7016,11.916933809290153
7017,11.916933809290153
7018,11.916933809290153
7019,11.881990587261498
7020,11.881990587261498
7021,11.881990587261498
7022,11.881990587261498
7023,11.881990587261498
7024,11.881990587261498
7025,11.881990587261498
7026,11.881990587261498
7027,11.881990587261498
7028,11.881990587261498
7029,11.881990587261498
7030,11.881990587261498
7031,11.881990587261498
7032,11.881990587261498
7033,11.881990587261498
7034,11.881990587261498
7035,11.881990587261498
7036,11.881990587261498
7037,11.881990587261498
7038,11.881990587261498
7039,11.881990587261498
7040,11.881990587261498
7041,11.881990587261498
7042,11.881990587261498
7043,11.881990587261498
7044,11.881990587261498
7045,11.881990587261498
7046,11.881990587261498
7047,11.881990587261498
7048,11.881990587261498
7049,11.881990587261498
7050,11.881990587261498
7051,11.881990587261498
7052,11.881990587261498
7053,11.881990587261498
7054,11.881990587261498
7055,11.881990587261498
7056,11.881990587261498
7057,11.881990587261498
7058,11.881990587261498
7059,11.881990587261498
7060,11.881990587261498
7061,11.881990587261498
7062,11.881990587261498
7063,11.881990587261498
7064,11.881990587261498
7065,11.881990587261498
7066,11.616580305531558
7067,11.616580305531558
7068,11.616580305531558
7069,11.616580305531558
7070,11.616580305531558
7071,11.616580305531558
7072,11.616580305531558
7073,11.616580305531558
7074,11.616580305531558
7075,11.616580305531558
7076,11.616580305531558
7077,11.616580305531558
7078,11.616580305531558
7079,11.616580305531558
7080,11.616580305531558
7081,11.616580305531558
7082,11.616580305531558
7083,11.616580305531558
7084,11.616580305531558
7085,11.616580305531558
7086,11.616580305531558
7087,11.616580305531558
7088,11.616580305531558
7089,11.616580305531558
7090,11.616580305531558
7091,11.616580305531558
7092,11.616580305531558
7093,11.616580305531558
7094,11.616580305531558
7095,11.616580305531558
7096,11.616580305531558
7097,11.614791233483048
7098,11.614791233483048
7099,11.614791233483048
7100,11.614791233483048
7101,11.614791233483048
7102,11.614791233483048
7103,11.614791233483048
7104,11.614791233483048
7105,11.614791233483048
7106,11.614791233483048
7107,11.614791233483048
7108,11.614791233483048
7109,11.614791233483048
7110,11.614791233483048
7111,11.614791233483048
7112,11.614791233483048
7113,11.614791233483048
7114,11.614791233483048
7115,11.614791233483048
7116,11.614791233483048
7117,11.614791233483048
7118,11.614791233483048
7119,11.614791233483048
7120,11.614791233483048
7121,11.614791233483048
7122,11.614791233483048
7123,11.614791233483048
7124,11.614791233483048
7125,11.614791233483048
7126,11.614791233483048
7127,11.614791233483048
7128,11.614791233483048
7129,11.614791233483048
7130,11.614791233483048
7131,11.614791233483048
7132,11.614791233483048
7133,11.614791233483048
7134,11.614791233483048
7135,11.614791233483048
7136,11.614791233483048
7137,11.614791233483048
7138,11.614791233483048
7139,11.614791233483048
7140,11.614791233483048
7141,11.614791233483048
7142,11.614791233483048
7143,11.614791233483048
7144,11.614791233483048
7145,11.614791233483048
7146,11.614791233483048
7147,11.614791233483048
7148,11.614791233483048
7149,11.614791233483048
7150,11.614791233483048
7151,11.614791233483048
7152,11.614791233483048
7153,11.614791233483048
7154,11.614791233483048
7155,11.614791233483048
7156,11.614791233483048
7157,11.614791233483048
7158,11.614791233483048
7159,11.614791233483048
7160,11.614791233483048
7161,11.614791233483048
7162,11.614791233483048
7163,11.614791233483048
7164,11.614791233483048
7165,11.614791233483048
7166,11.614791233483048
7167,11.614791233483048
7168,11.614791233483048
7169,11.614791233483048
7170,11.614791233483048
7171,11.614791233483048
7172,11.614791233483048
7173,11.614791233483048
7174,11.614791233483048
7175,11.614791233483048
7176,11.614791233483048
7177,11.614791233483048
7178,11.614791233483048
7179,11.614791233483048
7180,11.614791233483048
7181,11.614791233483048
7182,11.569859421324196
7183,11.569859421324196
7184,11.569859421324196
7185,11.569859421324196
7186,11.569859421324196
7187,11.569859421324196
7188,11.569859421324196
7189,11.569859421324196
7190,11.569859421324196
7191,11.569859421324196
7192,11.569859421324196
7193,11.569859421324196
7194,11.569859421324196
7195,11.569859421324196
7196,11.569859421324196
7197,11.569859421324196
7198,11.569859421324196
7199,11.569859421324196
7200,11.569859421324196
7201,11.569859421324196
7202,11.569859421324196
7203,11.569859421324196
7204,11.569859421324196
7205,11.569859421324196
7206,11.569859421324196
7207,11.569859421324196
7208,11.569859421324196
7209,11.569859421324196
7210,11.569859421324196
7211,11.569859421324196
7212,11.569859421324196
7213,11.569859421324196
7214,11.569859421324196
7215,11.569859421324196
7216,11.569859421324196
7217,11.569859421324196
7218,11.569859421324196
7219,11.569859421324196
7220,11.569859421324196
7221,11.569859421324196
7222,11.569859421324196
7223,11.569859421324196
7224,11.569859421324196
7225,11.569859421324196
7226,11.569859421324196
7227,11.569859421324196
7228,11.569859421324196
7229,11.569859421324196
7230,11.569859421324196
7231,11.569859421324196
7232,11.569859421324196
7233,11.569859421324196
7234,11.569859421324196
7235,11.569859421324196
7236,11.569859421324196
7237,11.569859421324196
7238,11.569859421324196
7239,11.569859421324196
7240,11.569859421324196
7241,11.569859421324196
7242,11.569859421324196
7243,11.569859421324196
7244,11.569859421324196
7245,11.569859421324196
7246,11.569859421324196
7247,11.569859421324196
7248,11.569859421324196
7249,11.569859421324196
7250,11.569859421324196
7251,11.569859421324196
7252,11.569859421324196
7253,11.569859421324196
7254,11.569859421324196
7255,11.569859421324196
7256,11.569859421324196
7257,11.569859421324196
7258,11.569859421324196
7259,11.569859421324196
7260,11.569859421324196
7261,11.569859421324196
7262,11.569859421324196
7263,11.569859421324196
7264,11.569859421324196
7265,11.569859421324196
7266,11.569859421324196
7267,11.569859421324196
7268,11.569859421324196
7269,11.569859421324196
7270,11.569859421324196
7271,11.569859421324196
7272,11.569859421324196
7273,11.569859421324196
7274,11.569859421324196
7275,11.569859421324196
7276,11.569859421324196
7277,11.569859421324196
7278,11.569859421324196
7279,11.569859421324196
7280,11.569859421324196
7281,11.569859421324196
7282,11.569859421324196
7283,11.569859421324196
7284,11.569859421324196
7285,11.569859421324196
7286,11.569859421324196
7287,11.569859421324196
7288,11.569859421324196
7289,11.569859421324196
7290,11.569859421324196
7291,11.569859421324196
7292,11.569859421324196
7293,11.569859421324196
7294,11.569859421324196
7295,11.569859421324196
7296,11.569859421324196
7297,11.569859421324196
7298,11.438333410147875
7299,11.438333410147875
7300,11.438333410147875
7301,11.438333410147875
7302,11.438333410147875
7303,11.438333410147875
7304,11.438333410147875
7305,11.438333410147875
7306,11.438333410147875
7307,11.438333410147875
7308,11.438333410147875
7309,11.438333410147875
7310,11.438333410147875
7311,11.438333410147875
7312,11.438333410147875
7313,11.438333410147875
7314,11.438333410147875
7315,11.438333410147875
7316,11.438333410147875
7317,11.438333410147875
7318,11.438333410147875
7319,11.438333410147875
7320,11.438333410147875
7321,11.438333410147875
7322,11.438333410147875
7323,11.438333410147875
7324,11.438333410147875
7325,11.438333410147875
7326,11.438333410147875
7327,11.438333410147875
7328,11.438333410147875
7329,11.438333410147875
7330,11.438333410147875
7331,11.438333410147875
7332,11.438333410147875
7333,11.438333410147875
7334,11.438333410147875
7335,11.438333410147875
7336,11.438333410147875
7337,11.438333410147875
7338,11.438333410147875
7339,11.438333410147875
7340,11.438333410147875
7341,11.438333410147875
7342,11.438333410147875
7343,11.438333410147875
7344,11.438333410147875
7345,11.438333410147875
7346,11.438333410147875
7347,11.438333410147875
7348,11.438333410147875
7349,11.438333410147875
7350,11.438333410147875
7351,11.438333410147875
7352,11.438333410147875
7353,11.438333410147875
7354,11.438333410147875
7355,11.438333410147875
7356,11.438333410147875
7357,11.438333410147875
7358,11.438333410147875
7359,11.438333410147875
7360,11.438333410147875
7361,11.438333410147875
7362,11.438333410147875
7363,11.438333410147875
7364,11.438333410147875
7365,11.438333410147875
7366,11.438333410147875
7367,11.438333410147875
7368,11.438333410147875
7369,11.438333410147875
7370,11.438333410147875
7371,11.438333410147875
7372,11.438333410147875
7373,11.438333410147875
7374,11.438333410147875
7375,11.438333410147875
7376,11.438333410147875
7377,11.438333410147875
7378,11.438333410147875
7379,11.438333410147875
7380,11.438333410147875
7381,11.438333410147875
7382,11.438333410147875
7383,11.438333410147875
7384,11.438333410147875
7385,11.438333410147875
7386,11.438333410147875
7387,11.438333410147875
7388,11.438333410147875
7389,11.438333410147875
7390,11.438333410147875
7391,11.438333410147875
7392,11.438333410147875
7393,11.438333410147875
7394,11.438333410147875
7395,11.438333410147875
7396,11.438333410147875
7397,11.438333410147875
7398,11.438333410147875
7399,11.438333410147875
7400,11.438333410147875
7401,11.438333410147875
7402,11.438333410147875
7403,11.438333410147875
7404,11.438333410147875
7405,11.438333410147875
7406,11.438333410147875
7407,11.438333410147875
7408,11.438333410147875
7409,11.438333410147875
7410,11.438333410147875
7411,11.438333410147875
7412,11.438333410147875
7413,11.438333410147875
7414,11.438333410147875
7415,11.438333410147875
7416,11.438333410147875
7417,11.438333410147875
7418,11.438333410147875
7419,11.438333410147875
7420,11.438333410147875
7421,11.438333410147875
7422,11.438333410147875
7423,11.438333410147875
7424,11.438333410147875
7425,11.438333410147875
7426,11.438333410147875
7427,11.438333410147875
7428,11.438333410147875
7429,11.438333410147875
7430,11.438333410147875
7431,11.438333410147875
7432,11.438333410147875
7433,11.438333410147875
7434,11.438333410147875
7435,11.438333410147875
7436,11.438333410147875
7437,11.438333410147875
7438,11.438333410147875
7439,11.438333410147875
7440,11.438333410147875
7441,11.438333410147875
7442,11.438333410147875
7443,11.438333410147875
7444,11.438333410147875
7445,11.438333410147875
7446,11.438333410147875
7447,11.438333410147875
7448,11.438333410147875
7449,11.438333410147875
7450,11.438333410147875
7451,11.438333410147875
7452,11.438333410147875
7453,11.438333410147875
7454,11.438333410147875
7455,11.438333410147875
7456,11.438333410147875
7457,11.438333410147875
7458,11.438333410147875
7459,11.438333410147875
7460,11.438333410147875
7461,11.438333410147875
7462,11.438333410147875
7463,11.438333410147875
7464,11.438333410147875
7465,11.438333410147875
7466,11.438333410147875
7467,11.438333410147875
7468,11.438333410147875
7469,11.438333410147875
7470,11.438333410147875
7471,11.438333410147875
7472,11.438333410147875
7473,11.438333410147875
7474,11.438333410147875
7475,11.438333410147875
7476,11.438333410147875
7477,11.438333410147875
7478,11.438333410147875
7479,11.438333410147875
7480,11.438333410147875
7481,11.438333410147875
7482,11.438333410147875
7483,11.438333410147875
7484,11.438333410147875
7485,11.438333410147875
7486,11.438333410147875
7487,11.438333410147875
7488,11.438333410147875
7489,11.438333410147875
7490,11.438333410147875
7491,11.438333410147875
7492,11.438333410147875
7493,11.438333410147875
7494,11.438333410147875
7495,11.438333410147875
7496,11.438333410147875
7497,11.438333410147875
7498,11.438333410147875
7499,11.438333410147875
7500,11.438333410147875
7501,11.438333410147875
7502,11.438333410147875
7503,11.438333410147875
7504,11.438333410147875
7505,11.438333410147875
7506,11.438333410147875
7507,11.438333410147875
7508,11.438333410147875
7509,11.438333410147875
7510,11.438333410147875
7511,11.438333410147875
7512,11.438333410147875
7513,11.438333410147875
7514,11.438333410147875
7515,11.438333410147875
7516,11.438333410147875
7517,11.438333410147875
7518,11.438333410147875
7519,11.438333410147875
7520,11.438333410147875
7521,11.438333410147875
7522,11.438333410147875
7523,11.438333410147875
7524,11.438333410147875
7525,11.438333410147875
7526,11.438333410147875
7527,11.438333410147875
7528,11.438333410147875
7529,11.438333410147875
7530,11.438333410147875
7531,11.438333410147875
7532,11.438333410147875
7533,11.438333410147875
7534,11.438333410147875
7535,11.438333410147875
7536,11.438333410147875
7537,11.438333410147875
7538,11.438333410147875
7539,11.438333410147875
7540,11.438333410147875
7541,11.438333410147875
7542,11.438333410147875
7543,11.438333410147875
7544,11.438333410147875
7545,11.438333410147875
7546,11.438333410147875
7547,11.438333410147875
7548,11.438333410147875
7549,11.438333410147875
7550,11.438333410147875
7551,11.438333410147875
7552,11.438333410147875
7553,11.438333410147875
7554,11.438333410147875
7555,11.438333410147875
7556,11.438333410147875
7557,11.438333410147875
7558,11.438333410147875
7559,11.438333410147875
7560,11.438333410147875
7561,11.438333410147875
7562,11.438333410147875
7563,11.438333410147875
7564,11.438333410147875
7565,11.438333410147875
7566,11.438333410147875
7567,11.438333410147875
7568,11.438333410147875
7569,11.438333410147875
7570,11.438333410147875
7571,11.438333410147875
7572,11.438333410147875
7573,11.438333410147875
7574,11.438333410147875
7575,11.438333410147875
7576,11.438333410147875
7577,11.438333410147875
7578,11.438333410147875
7579,11.438333410147875
7580,11.438333410147875
7581,11.438333410147875
7582,11.438333410147875
7583,11.438333410147875
7584,11.438333410147875
7585,11.438333410147875
7586,11.438333410147875
7587,11.438333410147875
7588,11.438333410147875
7589,11.438333410147875
7590,11.438333410147875
7591,11.438333410147875
7592,11.438333410147875
7593,11.438333410147875
7594,11.438333410147875
7595,11.438333410147875
7596,11.438333410147875
7597,11.438333410147875
7598,11.438333410147875
7599,11.438333410147875
7600,11.438333410147875
7601,11.438333410147875
7602,11.438333410147875
7603,11.438333410147875
7604,11.438333410147875
7605,11.438333410147875
7606,11.438333410147875
7607,11.438333410147875
7608,11.438333410147875
7609,11.438333410147875
7610,11.438333410147875
7611,11.438333410147875
7612,11.438333410147875
7613,11.438333410147875
7614,11.438333410147875
7615,11.438333410147875
7616,11.438333410147875
7617,11.438333410147875
7618,11.438333410147875
7619,11.438333410147875
7620,11.438333410147875
7621,11.438333410147875
7622,11.438333410147875
7623,11.438333410147875
7624,11.438333410147875
7625,11.438333410147875
7626,11.438333410147875
7627,11.438333410147875
7628,11.438333410147875
7629,11.438333410147875
7630,11.438333410147875
7631,11.438333410147875
7632,11.438333410147875
7633,11.438333410147875
7634,11.438333410147875
7635,11.438333410147875
7636,11.438333410147875
7637,11.438333410147875
7638,11.438333410147875
7639,11.438333410147875
7640,11.438333410147875
7641,11.438333410147875
7642,11.438333410147875
7643,11.438333410147875
7644,11.438333410147875
7645,11.438333410147875
7646,11.438333410147875
7647,11.438333410147875
7648,11.438333410147875
7649,11.438333410147875
7650,11.438333410147875
7651,11.438333410147875
7652,11.438333410147875
7653,11.438333410147875
7654,11.438333410147875
7655,11.438333410147875
7656,11.438333410147875
7657,11.438333410147875
7658,11.438333410147875
7659,11.438333410147875
7660,11.438333410147875
7661,11.438333410147875
7662,11.438333410147875
7663,11.438333410147875
7664,11.438333410147875
7665,11.438333410147875
7666,11.438333410147875
7667,11.438333410147875
7668,11.438333410147875
7669,11.438333410147875
7670,11.438333410147875
7671,11.438333410147875
7672,11.438333410147875
7673,11.438333410147875
7674,11.438333410147875
7675,11.438333410147875
7676,11.438333410147875
7677,11.438333410147875
7678,11.438333410147875
7679,11.438333410147875
7680,11.438333410147875
7681,11.438333410147875
7682,11.438333410147875
7683,11.438333410147875
7684,11.438333410147875
7685,11.438333410147875
7686,11.438333410147875
7687,11.438333410147875
7688,11.438333410147875
7689,11.438333410147875
7690,11.438333410147875
7691,11.438333410147875
7692,11.438333410147875
7693,11.438333410147875
7694,11.438333410147875
7695,11.438333410147875
7696,11.438333410147875
7697,11.438333410147875
7698,11.438333410147875
7699,11.438333410147875
7700,11.438333410147875
7701,11.438333410147875
7702,11.438333410147875
7703,11.438333410147875
7704,11.438333410147875
7705,11.438333410147875
7706,11.438333410147875
7707,11.438333410147875
7708,11.438333410147875
7709,11.438333410147875
7710,11.438333410147875
7711,11.438333410147875
7712,11.438333410147875
7713,11.438333410147875
7714,11.438333410147875
7715,11.438333410147875
7716,11.438333410147875
7717,11.438333410147875
7718,11.438333410147875
7719,11.438333410147875
7720,11.438333410147875
7721,11.438333410147875
7722,11.438333410147875
7723,11.438333410147875
7724,11.438333410147875
7725,11.438333410147875
7726,11.438333410147875
7727,11.438333410147875
7728,11.438333410147875
7729,11.438333410147875
7730,11.438333410147875
7731,11.438333410147875
7732,11.438333410147875
7733,11.438333410147875
7734,11.438333410147875
7735,11.438333410147875
7736,11.438333410147875
7737,11.438333410147875
7738,11.438333410147875
7739,11.438333410147875
7740,11.438333410147875
7741,11.438333410147875
7742,11.438333410147875
7743,11.438333410147875
7744,11.438333410147875
7745,11.438333410147875
7746,11.438333410147875
7747,11.438333410147875
7748,11.438333410147875
7749,11.438333410147875
7750,11.438333410147875
7751,11.438333410147875
7752,11.438333410147875
7753,11.438333410147875
7754,11.438333410147875
7755,11.438333410147875
7756,11.438333410147875
7757,11.438333410147875
7758,11.438333410147875
7759,11.438333410147875
7760,11.438333410147875
7761,11.438333410147875
7762,11.438333410147875
7763,11.438333410147875
7764,11.438333410147875
7765,11.438333410147875
7766,11.438333410147875
7767,11.438333410147875
7768,11.438333410147875
7769,11.438333410147875
7770,11.438333410147875
7771,11.438333410147875
7772,11.438333410147875
7773,11.438333410147875
7774,11.438333410147875
7775,11.438333410147875
7776,11.438333410147875
7777,11.438333410147875
7778,11.438333410147875
7779,11.438333410147875
7780,11.438333410147875
7781,11.438333410147875
7782,11.438333410147875
7783,11.438333410147875
7784,11.438333410147875
7785,11.438333410147875
7786,11.438333410147875
7787,11.438333410147875
7788,11.438333410147875
7789,11.438333410147875
7790,11.438333410147875
7791,11.438333410147875
7792,11.438333410147875
7793,11.438333410147875
7794,11.438333410147875
7795,11.438333410147875
7796,11.438333410147875
7797,11.438333410147875
7798,11.438333410147875
7799,11.438333410147875
7800,11.438333410147875
7801,11.438333410147875
7802,11.438333410147875
7803,11.438333410147875
7804,11.438333410147875
7805,11.438333410147875
7806,11.438333410147875
7807,11.438333410147875
7808,11.438333410147875
7809,11.438333410147875
7810,11.438333410147875
7811,11.438333410147875
7812,11.438333410147875
7813,11.438333410147875
7814,11.438333410147875
7815,11.438333410147875
7816,11.438333410147875
7817,11.438333410147875
7818,11.438333410147875
7819,11.438333410147875
7820,11.438333410147875
7821,11.438333410147875
7822,11.438333410147875
7823,11.438333410147875
7824,11.438333410147875
7825,11.438333410147875
7826,11.438333410147875
7827,11.438333410147875
7828,11.438333410147875
7829,11.438333410147875
7830,11.438333410147875
7831,11.438333410147875
7832,11.438333410147875
7833,11.438333410147875
7834,11.438333410147875
7835,11.438333410147875
7836,11.438333410147875
7837,11.438333410147875
7838,11.438333410147875
7839,11.438333410147875
7840,11.438333410147875
7841,11.438333410147875
7842,11.438333410147875
7843,11.438333410147875
7844,11.438333410147875
7845,11.438333410147875
7846,11.438333410147875
7847,11.438333410147875
7848,11.438333410147875
7849,11.438333410147875
7850,11.438333410147875
7851,11.438333410147875
7852,11.438333410147875
7853,11.438333410147875
7854,11.438333410147875
7855,11.438333410147875
7856,11.438333410147875
7857,11.438333410147875
7858,11.430933174519028
7859,11.430933174519028
7860,11.430933174519028
7861,11.430933174519028
7862,11.430933174519028
7863,11.430933174519028
7864,11.430933174519028
7865,11.430933174519028
7866,11.430933174519028
7867,11.430933174519028
7868,11.430933174519028
7869,11.430933174519028
7870,11.430933174519028
7871,11.430933174519028
7872,11.430933174519028
7873,11.430933174519028
7874,11.430933174519028
7875,11.430933174519028
7876,11.430933174519028
7877,11.430933174519028
7878,11.430933174519028
7879,11.430933174519028
7880,11.430933174519028
7881,11.430933174519028
7882,11.430933174519028
7883,11.430933174519028
7884,11.430933174519028
7885,11.430933174519028
7886,11.430933174519028
7887,11.430933174519028
7888,11.430933174519028
7889,11.430933174519028
7890,11.430933174519028
7891,11.430933174519028
7892,11.430933174519028
7893,11.430933174519028
7894,11.430933174519028
7895,11.430933174519028
7896,11.430933174519028
7897,11.430933174519028
7898,11.430933174519028
7899,11.430933174519028
7900,11.430933174519028
7901,11.430933174519028
7902,11.430933174519028
7903,11.430933174519028
7904,11.430933174519028
7905,11.430933174519028
7906,11.430933174519028
7907,11.430933174519028
7908,11.430933174519028
7909,11.430933174519028
7910,11.430933174519028
7911,11.430933174519028
7912,11.430933174519028
7913,11.430933174519028
7914,11.430933174519028
7915,11.430933174519028
7916,11.430933174519028
7917,11.430933174519028
7918,11.430933174519028
7919,11.430933174519028
7920,11.430933174519028
7921,11.430933174519028
7922,11.430933174519028
7923,11.430933174519028
7924,11.430933174519028
7925,11.430933174519028
7926,11.430933174519028
7927,11.430933174519028
7928,11.430933174519028
7929,11.430933174519028
7930,11.430933174519028
7931,11.430933174519028
7932,11.430933174519028
7933,11.430933174519028
7934,11.430933174519028
7935,11.430933174519028
7936,11.430933174519028
7937,11.430933174519028
7938,11.430933174519028
7939,11.430933174519028
7940,11.430933174519028
7941,11.430933174519028
7942,11.430933174519028
7943,11.430933174519028
7944,11.430933174519028
7945,11.430933174519028
7946,11.430933174519028
7947,11.430933174519028
7948,11.430933174519028
7949,11.430933174519028
7950,11.430933174519028
7951,11.430933174519028
7952,11.430933174519028
7953,11.430933174519028
7954,11.430933174519028
7955,11.430933174519028
7956,11.430933174519028
7957,11.430933174519028
7958,11.430933174519028
7959,11.430933174519028
7960,11.430933174519028
7961,11.430933174519028
7962,11.430933174519028
7963,11.430933174519028
7964,11.430933174519028
7965,11.430933174519028
7966,11.430933174519028
7967,11.430933174519028
7968,11.430933174519028
7969,11.430933174519028
7970,11.430933174519028
7971,11.430933174519028
7972,11.430933174519028
7973,11.430933174519028
7974,11.430933174519028
7975,11.430933174519028
7976,11.430933174519028
7977,11.430933174519028
7978,11.430933174519028
7979,11.430933174519028
7980,11.430933174519028
7981,11.430933174519028
7982,11.430933174519028
7983,11.430933174519028
7984,11.430933174519028
7985,11.430933174519028
7986,11.430933174519028
7987,11.430933174519028
7988,11.430933174519028
7989,11.430933174519028
7990,11.430933174519028
7991,11.430933174519028
7992,11.430933174519028
7993,11.430933174519028
7994,11.430933174519028
7995,11.430933174519028
7996,11.430933174519028
7997,11.430933174519028
7998,11.430933174519028
7999,11.430933174519028
8000,11.430933174519028
8001,11.430933174519028
8002,11.430933174519028
8003,11.430933174519028
8004,11.430933174519028
8005,11.430933174519028
8006,11.430933174519028
8007,11.430933174519028
8008,11.430933174519028
8009,11.430933174519028
8010,11.430933174519028
8011,11.430933174519028
8012,11.430933174519028
8013,11.430933174519028
8014,11.430933174519028
8015,11.430933174519028
8016,11.430933174519028
8017,11.430933174519028
8018,11.430933174519028
8019,11.430933174519028
8020,11.430933174519028
8021,11.430933174519028
8022,11.430933174519028
8023,11.430933174519028
8024,11.430933174519028
8025,11.430933174519028
8026,11.430933174519028
8027,11.430933174519028
8028,11.430933174519028
8029,11.430933174519028
8030,11.430933174519028
8031,11.430933174519028
8032,11.430933174519028
8033,11.430933174519028
8034,11.430933174519028
8035,11.430933174519028
8036,11.430933174519028
8037,11.430933174519028
8038,11.430933174519028
8039,11.430933174519028
8040,11.430933174519028
8041,11.430933174519028
8042,11.430933174519028
8043,11.430933174519028
8044,11.430933174519028
8045,11.430933174519028
8046,11.430933174519028
8047,11.430933174519028
8048,11.430933174519028
8049,11.430933174519028
8050,11.430933174519028
8051,11.430933174519028
8052,11.430933174519028
8053,11.430933174519028
8054,11.430933174519028
8055,11.430933174519028
8056,11.430933174519028
8057,11.430933174519028
8058,11.430933174519028
8059,11.430933174519028
8060,11.430933174519028
8061,11.430933174519028
8062,11.430933174519028
8063,11.430933174519028
8064,11.430933174519028
8065,11.430933174519028
8066,11.430933174519028
8067,11.430933174519028
8068,11.430933174519028
8069,11.430933174519028
8070,11.430933174519028
8071,11.430933174519028
8072,11.430933174519028
8073,11.430933174519028
8074,11.430933174519028
8075,11.430933174519028
8076,11.430933174519028
8077,11.430933174519028
8078,11.430933174519028
8079,11.430933174519028
8080,11.430933174519028
8081,11.430933174519028
8082,11.430933174519028
8083,11.430933174519028
8084,11.430933174519028
8085,11.430933174519028
8086,11.430933174519028
8087,11.430933174519028
8088,11.430933174519028
8089,11.430933174519028
8090,11.430933174519028
8091,11.430933174519028
8092,11.430933174519028
8093,11.430933174519028
8094,11.430933174519028
8095,11.430933174519028
8096,11.430933174519028
8097,11.430933174519028
8098,11.367334335277956
8099,11.367334335277956
8100,11.347891996965526
8101,11.347891996965526
8102,11.347891996965526
8103,11.347891996965526
8104,11.347891996965526
8105,11.347891996965526
8106,11.347891996965526
8107,11.347891996965526
8108,11.347891996965526
8109,11.347891996965526
8110,11.347891996965526
8111,11.347891996965526
8112,11.347891996965526
8113,11.347891996965526
8114,11.347891996965526
8115,11.347891996965526
8116,11.347891996965526
8117,11.347891996965526
8118,11.347891996965526
8119,11.347891996965526
8120,11.347891996965526
8121,11.347891996965526
8122,11.347891996965526
8123,11.347891996965526
8124,11.347891996965526
8125,11.347891996965526
8126,11.347891996965526
8127,11.347891996965526
8128,11.347891996965526
8129,11.347891996965526
8130,11.347891996965526
8131,11.347891996965526
8132,11.347891996965526
8133,11.347891996965526
8134,11.347891996965526
8135,11.347891996965526
8136,11.347891996965526
8137,11.347891996965526
8138,11.347891996965526
8139,11.347891996965526
8140,11.347891996965526
8141,11.347891996965526
8142,11.347891996965526
8143,11.347891996965526
8144,11.347891996965526
8145,11.347891996965526
8146,11.347891996965526
8147,11.347891996965526
8148,11.347891996965526
8149,11.347891996965526
8150,11.347891996965526
8151,11.347891996965526
8152,11.347891996965526
8153,11.347891996965526
8154,11.347891996965526
8155,11.347891996965526
8156,11.347891996965526
8157,11.347891996965526
8158,11.347891996965526
8159,11.347891996965526
8160,11.347891996965526
8161,11.347891996965526
8162,11.347891996965526
8163,11.347891996965526
8164,11.347891996965526
8165,11.347891996965526
8166,11.347891996965526
8167,11.347891996965526
8168,11.347891996965526
8169,11.347891996965526
8170,11.347891996965526
8171,11.347891996965526
8172,11.347891996965526
8173,11.347891996965526
8174,11.347891996965526
8175,11.347891996965526
8176,11.347891996965526
8177,11.347891996965526
8178,11.347891996965526
8179,11.347891996965526
8180,11.347891996965526
8181,11.347891996965526
8182,11.347891996965526
8183,11.347891996965526
8184,11.347891996965526
8185,11.347891996965526
8186,11.347891996965526
8187,11.347891996965526
8188,11.347891996965526
8189,11.347891996965526
8190,11.347891996965526
8191,11.347891996965526
8192,11.347891996965526
8193,11.347891996965526
8194,11.347891996965526
8195,11.347891996965526
8196,11.347891996965526
8197,11.347891996965526
8198,11.347891996965526
8199,11.347891996965526
8200,11.347891996965526
8201,11.347891996965526
8202,11.347891996965526
8203,11.347891996965526
8204,11.347891996965526
8205,11.347891996965526
8206,11.347891996965526
8207,11.347891996965526
8208,11.347891996965526
8209,11.347891996965526
8210,11.347891996965526
8211,11.347891996965526
8212,11.347891996965526
8213,11.347891996965526
8214,11.347891996965526
8215,11.347891996965526
8216,11.347891996965526
8217,11.347891996965526
8218,11.347891996965526
8219,11.347891996965526
8220,11.347891996965526
8221,11.347891996965526
8222,11.347891996965526
8223,11.347891996965526
8224,11.347891996965526
8225,11.347891996965526
8226,11.347891996965526
8227,11.347891996965526
8228,11.347891996965526
8229,11.347891996965526
8230,11.347891996965526
8231,11.347891996965526
8232,11.347891996965526
8233,11.347891996965526
8234,11.347891996965526
8235,11.347891996965526
8236,11.347891996965526
8237,11.347891996965526
8238,11.347891996965526
8239,11.347891996965526
8240,11.347891996965526
8241,11.347891996965526
8242,11.347891996965526
8243,11.347891996965526
8244,11.347891996965526
8245,11.347891996965526
8246,11.347891996965526
8247,11.347891996965526
8248,11.347891996965526
8249,11.347891996965526
8250,11.347891996965526
8251,11.347891996965526
8252,11.347891996965526
8253,11.347891996965526
8254,11.347891996965526
8255,11.347891996965526
8256,11.347891996965526
8257,11.347891996965526
8258,11.347891996965526
8259,11.347891996965526
8260,11.347891996965526
8261,11.347891996965526
8262,11.347891996965526
8263,11.347891996965526
8264,11.347891996965526
8265,11.347891996965526
8266,11.347891996965526
8267,11.347891996965526
8268,11.347891996965526
8269,11.347891996965526
8270,11.347891996965526
8271,11.347891996965526
8272,11.347891996965526
8273,11.347891996965526
8274,11.347891996965526
8275,11.347891996965526
8276,11.347891996965526
8277,11.347891996965526
8278,11.347891996965526
8279,11.347891996965526
8280,11.347891996965526
8281,11.347891996965526
8282,11.347891996965526
8283,11.347891996965526
8284,11.347891996965526
8285,11.347891996965526
8286,11.347891996965526
8287,11.347891996965526
8288,11.347891996965526
8289,11.347891996965526
8290,11.347891996965526
8291,11.347891996965526
8292,11.347891996965526
8293,11.347891996965526
8294,11.347891996965526
8295,11.347891996965526
8296,11.347891996965526
8297,11.347891996965526
8298,11.347891996965526
8299,11.347891996965526
8300,11.347891996965526
8301,11.347891996965526
8302,11.347891996965526
8303,11.347891996965526
8304,11.347891996965526
8305,11.347891996965526
8306,11.347891996965526
8307,11.347891996965526
8308,11.347891996965526
8309,11.347891996965526
8310,11.347891996965526
8311,11.347891996965526
8312,11.347891996965526
8313,11.347891996965526
8314,11.347891996965526
8315,11.347891996965526
8316,11.347891996965526
8317,11.31855287973091
8318,11.31855287973091
8319,11.31855287973091
8320,11.31855287973091
8321,11.31855287973091
8322,11.31855287973091
8323,11.31855287973091
8324,11.31855287973091
8325,11.31855287973091
8326,11.31855287973091
8327,11.31855287973091
8328,11.31855287973091
8329,11.31855287973091
8330,11.31855287973091
8331,11.31855287973091
8332,11.31855287973091
8333,11.31855287973091
8334,11.31855287973091
8335,11.31855287973091
8336,11.31855287973091
8337,11.31855287973091
8338,11.31855287973091
8339,11.31855287973091
8340,11.31855287973091
8341,11.31855287973091
8342,11.31855287973091
8343,11.31855287973091
8344,11.31855287973091
8345,11.31855287973091
8346,11.31855287973091
8347,11.31855287973091
8348,11.31855287973091
8349,11.31855287973091
8350,11.31855287973091
8351,11.31855287973091
8352,11.31855287973091
8353,11.31855287973091
8354,11.31855287973091
8355,11.31855287973091
8356,11.31855287973091
8357,11.241690328730567
8358,11.241690328730567
8359,11.241690328730567
8360,11.241690328730567
8361,11.241690328730567
8362,11.241690328730567
8363,11.241690328730567
8364,11.241690328730567
8365,11.241690328730567
8366,11.241690328730567
8367,11.241690328730567
8368,11.241690328730567
8369,11.241690328730567
8370,11.241690328730567
8371,11.241690328730567
8372,11.241690328730567
8373,11.241690328730567
8374,11.241690328730567
8375,11.241690328730567
8376,11.241690328730567
8377,11.241690328730567
8378,11.241690328730567
8379,11.241690328730567
8380,11.241690328730567
8381,11.241690328730567
8382,11.241690328730567
8383,11.241690328730567
8384,11.241690328730567
8385,11.241690328730567
8386,11.241690328730567
8387,11.241690328730567
8388,11.241690328730567
8389,11.241690328730567
8390,11.142978474701664
8391,11.142978474701664
8392,11.142978474701664
8393,11.142978474701664
8394,11.142978474701664
8395,11.142978474701664
8396,11.142978474701664
8397,11.142978474701664
8398,11.142978474701664
8399,11.142978474701664
8400,11.142978474701664
8401,11.142978474701664
8402,11.142978474701664
8403,11.142978474701664
8404,11.142978474701664
8405,11.142978474701664
8406,11.142978474701664
8407,11.142978474701664
8408,11.142978474701664
8409,11.142978474701664
8410,11.142978474701664
8411,11.142978474701664
8412,11.142978474701664
8413,11.142978474701664
8414,11.142978474701664
8415,11.142978474701664
8416,11.142978474701664
8417,11.142978474701664
8418,11.142978474701664
8419,11.142978474701664
8420,11.142978474701664
8421,11.142978474701664
8422,11.142978474701664
8423,11.142978474701664
8424,11.142978474701664
8425,11.142978474701664
8426,11.142978474701664
8427,11.142978474701664
8428,11.142978474701664
8429,11.142978474701664
8430,11.142978474701664
8431,11.142978474701664
8432,11.142978474701664
8433,11.142978474701664
8434,11.142978474701664
8435,11.142978474701664
8436,11.142978474701664
8437,11.142978474701664
8438,11.142978474701664
8439,11.142978474701664
8440,11.142978474701664
8441,11.142978474701664
8442,11.142978474701664
8443,11.142978474701664
8444,11.112150297536555
8445,11.112150297536555
8446,11.112150297536555
8447,11.112150297536555
8448,11.112150297536555
8449,11.112150297536555
8450,11.112150297536555
8451,11.112150297536555
8452,11.112150297536555
8453,11.112150297536555
8454,11.112150297536555
8455,11.112150297536555
8456,11.112150297536555
8457,11.112150297536555
8458,11.112150297536555
8459,11.112150297536555
8460,11.112150297536555
8461,11.112150297536555
8462,11.112150297536555
8463,11.112150297536555
8464,11.112150297536555
8465,11.112150297536555
8466,11.112150297536555
8467,11.112150297536555
8468,11.112150297536555
8469,11.112150297536555
8470,11.112150297536555
8471,11.112150297536555
8472,11.112150297536555
8473,11.112150297536555
8474,11.112150297536555
8475,11.112150297536555
8476,11.112150297536555
8477,11.112150297536555
8478,11.112150297536555
8479,11.112150297536555
8480,11.112150297536555
8481,11.112150297536555
8482,11.112150297536555
8483,11.112150297536555
8484,11.112150297536555
8485,11.112150297536555
8486,11.112150297536555
8487,11.112150297536555
8488,11.112150297536555
8489,11.112150297536555
8490,11.112150297536555
8491,11.112150297536555
8492,11.112150297536555
8493,11.112150297536555
8494,11.112150297536555
8495,11.112150297536555
8496,11.112150297536555
8497,11.112150297536555
8498,11.112150297536555
8499,11.112150297536555
8500,11.112150297536555
8501,11.112150297536555
8502,11.112150297536555
8503,11.112150297536555
8504,11.112150297536555
8505,11.112150297536555
8506,11.112150297536555
8507,11.112150297536555
8508,11.112150297536555
8509,11.112150297536555
8510,11.112150297536555
8511,11.112150297536555
8512,11.112150297536555
8513,11.112150297536555
8514,11.112150297536555
8515,11.112150297536555
8516,11.112150297536555
8517,11.112150297536555
8518,11.112150297536555
8519,11.112150297536555
8520,11.112150297536555
8521,11.112150297536555
8522,11.112150297536555
8523,11.112150297536555
8524,11.112150297536555
8525,11.112150297536555
8526,11.112150297536555
8527,11.112150297536555
8528,11.112150297536555
8529,11.112150297536555
8530,11.112150297536555
8531,11.112150297536555
8532,11.112150297536555
8533,11.112150297536555
8534,11.112150297536555
8535,11.112150297536555
8536,11.112150297536555
8537,11.112150297536555
8538,11.112150297536555
8539,11.112150297536555
8540,11.112150297536555
8541,11.112150297536555
8542,11.112150297536555
8543,11.111220111513807
8544,11.111220111513807
8545,11.111220111513807
8546,11.111220111513807
8547,11.111220111513807
8548,11.111220111513807
8549,11.111220111513807
8550,11.111220111513807
8551,11.111220111513807
8552,11.111220111513807
8553,11.111220111513807
8554,11.111220111513807
8555,11.111220111513807
8556,11.111220111513807
8557,11.111220111513807
8558,11.111220111513807
8559,11.111220111513807
8560,11.111220111513807
8561,11.111220111513807
8562,11.111220111513807
8563,11.111220111513807
8564,11.111220111513807
8565,11.111220111513807
8566,11.111220111513807
8567,11.111220111513807
8568,11.111220111513807
8569,11.111220111513807
8570,11.111220111513807
8571,11.111220111513807
8572,11.111220111513807
8573,11.111220111513807
8574,11.111220111513807
8575,11.111220111513807
8576,11.111220111513807
8577,11.111220111513807
8578,11.111220111513807
8579,11.111220111513807
8580,11.111220111513807
8581,11.111220111513807
8582,11.111220111513807
8583,11.111220111513807
8584,11.111220111513807
8585,11.111220111513807
8586,11.111220111513807
8587,11.111220111513807
8588,11.111220111513807
8589,11.111220111513807
8590,11.111220111513807
8591,11.111220111513807
8592,11.111220111513807
8593,11.111220111513807
8594,11.111220111513807
8595,11.111220111513807
8596,11.111220111513807
8597,11.111220111513807
8598,11.111220111513807
8599,11.111220111513807
8600,11.111220111513807
8601,11.111220111513807
8602,11.111220111513807
8603,11.111220111513807
8604,11.111220111513807
8605,11.111220111513807
8606,11.111220111513807
8607,11.111220111513807
8608,11.111220111513807
8609,11.111220111513807
8610,11.111220111513807
8611,11.111220111513807
8612,11.111220111513807
8613,11.111220111513807
8614,11.111220111513807
8615,11.111220111513807
8616,11.111220111513807
8617,11.111220111513807
8618,11.111220111513807
8619,11.111220111513807
8620,11.111220111513807
8621,11.111220111513807
8622,11.111220111513807
8623,11.111220111513807
8624,11.111220111513807
8625,11.111220111513807
8626,11.111220111513807
8627,11.111220111513807
8628,11.111220111513807
8629,11.111220111513807
8630,11.111220111513807
8631,11.111220111513807
8632,11.111220111513807
8633,11.111220111513807
8634,11.111220111513807
8635,11.111220111513807
8636,11.111220111513807
8637,11.111220111513807
8638,11.111220111513807
8639,11.111220111513807
8640,11.111220111513807
8641,11.111220111513807
8642,11.111220111513807
8643,11.111220111513807
8644,11.111220111513807
8645,11.111220111513807
8646,11.111220111513807
8647,11.111220111513807
8648,11.111220111513807
8649,11.111220111513807
8650,11.111220111513807
8651,11.111220111513807
8652,11.111220111513807
8653,11.111220111513807
8654,11.111220111513807
8655,11.111220111513807
8656,11.111220111513807
8657,11.111220111513807
8658,11.111220111513807
8659,11.111220111513807
8660,11.111220111513807
8661,11.111220111513807
8662,11.111220111513807
8663,11.111220111513807
8664,11.111220111513807
8665,11.111220111513807
8666,11.111220111513807
8667,11.111220111513807
8668,11.111220111513807
8669,11.111220111513807
8670,11.111220111513807
8671,11.111220111513807
8672,11.111220111513807
8673,11.111220111513807
8674,11.111220111513807
8675,11.111220111513807
8676,11.111220111513807
8677,11.111220111513807
8678,11.111220111513807
8679,11.111220111513807
8680,11.111220111513807
8681,11.111220111513807
8682,11.111220111513807
8683,11.111220111513807
8684,11.111220111513807
8685,11.111220111513807
8686,11.111220111513807
8687,11.111220111513807
8688,11.111220111513807
8689,11.111220111513807
8690,11.111220111513807
8691,11.111220111513807
8692,11.111220111513807
8693,11.111220111513807
8694,11.111220111513807
8695,11.111220111513807
8696,11.111220111513807
8697,11.111220111513807
8698,11.111220111513807
8699,11.111220111513807
8700,11.111220111513807
8701,11.111220111513807
8702,11.111220111513807
8703,11.111220111513807
8704,11.111220111513807
8705,11.111220111513807
8706,11.111220111513807
8707,11.111220111513807
8708,11.111220111513807
8709,11.111220111513807
8710,11.111220111513807
8711,11.111220111513807
8712,11.111220111513807
8713,11.111220111513807
8714,11.111220111513807
8715,11.111220111513807
8716,11.111220111513807
8717,11.111220111513807
8718,11.111220111513807
8719,11.111220111513807
8720,11.111220111513807
8721,11.111220111513807
8722,11.111220111513807
8723,11.111220111513807
8724,11.111220111513807
8725,11.111220111513807
8726,11.111220111513807
8727,11.111220111513807
8728,11.111220111513807
8729,11.111220111513807
8730,11.111220111513807
8731,11.111220111513807
8732,11.111220111513807
8733,11.111220111513807
8734,11.111220111513807
8735,11.111220111513807
8736,11.111220111513807
8737,11.111220111513807
8738,11.111220111513807
8739,11.111220111513807
8740,11.111220111513807
8741,11.111220111513807
8742,11.111220111513807
8743,11.111220111513807
8744,11.111220111513807
8745,11.111220111513807
8746,11.111220111513807
8747,11.111220111513807
8748,11.111220111513807
8749,11.111220111513807
8750,11.111220111513807
8751,11.111220111513807
8752,11.111220111513807
8753,11.111220111513807
8754,11.111220111513807
8755,11.111220111513807
8756,11.111220111513807
8757,11.111220111513807
8758,11.111220111513807
8759,11.111220111513807
8760,11.111220111513807
8761,11.111220111513807
8762,11.111220111513807
8763,11.111220111513807
8764,11.111220111513807
8765,11.111220111513807
8766,11.111220111513807
8767,11.111220111513807
8768,11.111220111513807
8769,11.111220111513807
8770,11.111220111513807
8771,11.111220111513807
8772,11.111220111513807
8773,11.111220111513807
8774,11.111220111513807
8775,11.111220111513807
8776,11.111220111513807
8777,11.111220111513807
8778,11.111220111513807
8779,11.111220111513807
8780,11.111220111513807
8781,11.111220111513807
8782,11.111220111513807
8783,11.111220111513807
8784,11.111220111513807
8785,11.111220111513807
8786,11.111220111513807
8787,11.111220111513807
8788,11.111220111513807
8789,11.111220111513807
8790,11.111220111513807
8791,11.111220111513807
8792,11.111220111513807
8793,11.111220111513807
8794,11.111220111513807
8795,11.111220111513807
8796,11.111220111513807
8797,11.111220111513807
8798,11.111220111513807
8799,11.111220111513807
8800,11.111220111513807
8801,11.111220111513807
8802,11.111220111513807
8803,11.111220111513807
8804,11.111220111513807
8805,11.111220111513807
8806,11.111220111513807
8807,11.111220111513807
8808,11.111220111513807
8809,11.111220111513807
8810,11.111220111513807
8811,11.111220111513807
8812,11.111220111513807
8813,11.111220111513807
8814,11.111220111513807
8815,11.111220111513807
8816,11.111220111513807
8817,11.111220111513807
8818,11.111220111513807
8819,11.111220111513807
8820,11.111220111513807
8821,11.111220111513807
8822,11.111220111513807
8823,11.111220111513807
8824,11.111220111513807
8825,11.111220111513807
8826,11.111220111513807
8827,11.111220111513807
8828,11.111220111513807
8829,11.111220111513807
8830,11.111220111513807
8831,11.111220111513807
8832,11.111220111513807
8833,11.111220111513807
8834,11.111220111513807
8835,11.111220111513807
8836,11.111220111513807
8837,11.111220111513807
8838,11.111220111513807
8839,11.111220111513807
8840,11.111220111513807
8841,11.111220111513807
8842,11.111220111513807
8843,11.111220111513807
8844,11.111220111513807
8845,11.111220111513807
8846,11.111220111513807
8847,11.111220111513807
8848,11.111220111513807
8849,11.111220111513807
8850,11.111220111513807
8851,11.111220111513807
8852,11.111220111513807
8853,11.111220111513807
8854,11.111220111513807
8855,11.111220111513807
8856,11.111220111513807
8857,11.111220111513807
8858,11.111220111513807
8859,11.111220111513807
8860,11.111220111513807
8861,11.111220111513807
8862,11.111220111513807
8863,11.111220111513807
8864,11.111220111513807
8865,11.111220111513807
8866,11.111220111513807
8867,11.111220111513807
8868,11.111220111513807
8869,11.111220111513807
8870,11.111220111513807
8871,11.111220111513807
8872,11.111220111513807
8873,11.111220111513807
8874,11.111220111513807
8875,11.111220111513807
8876,11.111220111513807
8877,11.111220111513807
8878,11.111220111513807
8879,11.111220111513807
8880,11.111220111513807
8881,11.111220111513807
8882,11.111220111513807
8883,11.111220111513807
8884,11.111220111513807
8885,11.111220111513807
8886,11.111220111513807
8887,11.111220111513807
8888,11.111220111513807
8889,11.111220111513807
8890,11.111220111513807
8891,11.111220111513807
8892,11.111220111513807
8893,11.111220111513807
8894,11.111220111513807
8895,11.111220111513807
8896,11.111220111513807
8897,11.111220111513807
8898,11.111220111513807
8899,11.111220111513807
8900,11.111220111513807
8901,11.111220111513807
8902,11.111220111513807
8903,11.111220111513807
8904,11.111220111513807
8905,11.111220111513807
8906,11.111220111513807
8907,11.111220111513807
8908,11.111220111513807
8909,11.111220111513807
8910,11.111220111513807
8911,11.111220111513807
8912,11.111220111513807
8913,11.111220111513807
8914,11.111220111513807
8915,11.111220111513807
8916,11.111220111513807
8917,11.111220111513807
8918,11.111220111513807
8919,11.111220111513807
8920,11.111220111513807
8921,11.111220111513807
8922,11.111220111513807
8923,11.111220111513807
8924,11.111220111513807
8925,11.111220111513807
8926,11.111220111513807
8927,11.111220111513807
8928,11.111220111513807
8929,11.111220111513807
8930,11.10989191234252
8931,11.10989191234252
8932,11.10989191234252
8933,11.10989191234252
8934,11.10989191234252
8935,11.10989191234252
8936,11.10989191234252
8937,11.10989191234252
8938,11.10989191234252
8939,11.10989191234252
8940,11.10989191234252
8941,11.10989191234252
8942,11.10989191234252
8943,11.10989191234252
8944,11.10989191234252
8945,11.10989191234252
8946,11.10989191234252
8947,11.10989191234252
8948,11.10989191234252
8949,11.10989191234252
8950,11.10989191234252
8951,11.10989191234252
8952,11.10989191234252
8953,11.10989191234252
8954,11.081906315499864
8955,11.081906315499864
8956,11.081906315499864
8957,11.081906315499864
8958,11.081906315499864
8959,11.081906315499864
8960,11.081906315499864
8961,11.081906315499864
8962,11.081906315499864
8963,11.081906315499864
8964,11.081906315499864
8965,11.081906315499864
8966,11.081906315499864
8967,11.081906315499864
8968,11.081906315499864
8969,11.081906315499864
8970,11.081906315499864
8971,11.081906315499864
8972,11.081906315499864
8973,11.081906315499864
8974,11.081906315499864
8975,11.081906315499864
8976,11.081906315499864
8977,11.081906315499864
8978,11.081906315499864
8979,11.081906315499864
8980,11.081906315499864
8981,11.081906315499864
8982,11.081906315499864
8983,11.081906315499864
8984,11.081906315499864
8985,11.081906315499864
8986,11.081906315499864
8987,11.081906315499864
8988,11.081906315499864
8989,11.081906315499864
8990,11.081906315499864
8991,11.081906315499864
8992,11.081906315499864
8993,11.081906315499864
8994,11.081906315499864
8995,11.081906315499864
8996,11.081906315499864
8997,11.081906315499864
8998,11.081906315499864
8999,11.081906315499864
9000,11.081906315499864
9001,11.081906315499864
9002,11.081906315499864
9003,11.081906315499864
9004,11.081906315499864
9005,11.081906315499864
9006,11.081906315499864
9007,11.081906315499864
9008,11.081906315499864
9009,11.081906315499864
9010,11.081906315499864
9011,11.081906315499864
9012,11.081906315499864
9013,11.081906315499864
9014,11.081906315499864
9015,11.081906315499864
9016,11.081906315499864
9017,11.081906315499864
9018,11.081906315499864
9019,11.081906315499864
9020,11.081906315499864
9021,11.081906315499864
9022,11.081906315499864
9023,11.081906315499864
9024,11.081906315499864
9025,11.081906315499864
9026,11.081906315499864
9027,11.081906315499864
9028,11.081906315499864
9029,11.081906315499864
9030,11.081906315499864
9031,11.081906315499864
9032,11.081906315499864
9033,11.081906315499864
9034,11.081906315499864
9035,11.081906315499864
9036,11.081906315499864
9037,11.081906315499864
9038,11.081906315499864
9039,11.081906315499864
9040,11.081906315499864
9041,11.081906315499864
9042,11.081906315499864
9043,11.081906315499864
9044,11.081906315499864
9045,11.081906315499864
9046,11.081906315499864
9047,11.081906315499864
9048,11.081906315499864
9049,11.081906315499864
9050,11.081906315499864
9051,11.081906315499864
9052,11.081906315499864
9053,11.081906315499864
9054,11.081906315499864
9055,11.081906315499864
9056,11.081906315499864
9057,11.081906315499864
9058,11.081906315499864
9059,11.081906315499864
9060,11.081906315499864
9061,11.081906315499864
9062,11.081906315499864
9063,11.081906315499864
9064,11.081906315499864
9065,11.081906315499864
9066,11.049272765601515
9067,11.049272765601515
9068,10.976559216826807
9069,10.976559216826807
9070,10.976559216826807
9071,10.976559216826807
9072,10.976559216826807
9073,10.976559216826807
9074,10.976559216826807
9075,10.976559216826807
9076,10.976559216826807
9077,10.976559216826807
9078,10.976559216826807
9079,10.976559216826807
9080,10.976559216826807
9081,10.976559216826807
9082,10.976559216826807
9083,10.976559216826807
9084,10.976559216826807
9085,10.976559216826807
9086,10.976559216826807
9087,10.976559216826807
9088,10.976559216826807
9089,10.976559216826807
9090,10.976559216826807
9091,10.976559216826807
9092,10.976559216826807
9093,10.976559216826807
9094,10.976559216826807
9095,10.976559216826807
9096,10.976559216826807
9097,10.976559216826807
9098,10.976559216826807
9099,10.976559216826807
9100,10.976559216826807
9101,10.976559216826807
9102,10.976559216826807
9103,10.976559216826807
9104,10.976559216826807
9105,10.976559216826807
9106,10.976559216826807
9107,10.976559216826807
9108,10.976559216826807
9109,10.976559216826807
9110,10.976559216826807
9111,10.976559216826807
9112,10.976559216826807
9113,10.976559216826807
9114,10.976559216826807
9115,10.976559216826807
9116,10.976559216826807
9117,10.976559216826807
9118,10.976559216826807
9119,10.976559216826807
9120,10.976559216826807
9121,10.976559216826807
9122,10.976559216826807
9123,10.976559216826807
9124,10.976559216826807
9125,10.976559216826807
9126,10.976559216826807
9127,10.976559216826807
9128,10.976559216826807
9129,10.976559216826807
9130,10.976559216826807
9131,10.976559216826807
9132,10.976559216826807
9133,10.976559216826807
9134,10.976559216826807
9135,10.976559216826807
9136,10.976559216826807
9137,10.976559216826807
9138,10.976559216826807
9139,10.976559216826807
9140,10.976559216826807
9141,10.976559216826807
9142,10.976559216826807
9143,10.976559216826807
9144,10.976559216826807
9145,10.976559216826807
9146,10.976559216826807
9147,10.976559216826807
9148,10.976559216826807
9149,10.976559216826807
9150,10.976559216826807
9151,10.976559216826807
9152,10.976559216826807
9153,10.976559216826807
9154,10.976559216826807
9155,10.976559216826807
9156,10.976559216826807
9157,10.976559216826807
9158,10.976559216826807
9159,10.976559216826807
9160,10.976559216826807
9161,10.976559216826807
9162,10.976559216826807
9163,10.976559216826807
9164,10.976559216826807
9165,10.976559216826807
9166,10.976559216826807
9167,10.976559216826807
9168,10.976559216826807
9169,10.976559216826807
9170,10.976559216826807
9171,10.976559216826807
9172,10.976559216826807
9173,10.976559216826807
9174,10.976559216826807
9175,10.976559216826807
9176,10.976559216826807
9177,10.976559216826807
9178,10.976559216826807
9179,10.976559216826807
9180,10.976559216826807
9181,10.976559216826807
9182,10.976559216826807
9183,10.976559216826807
9184,10.976559216826807
9185,10.976559216826807
9186,10.976559216826807
9187,10.976559216826807
9188,10.976559216826807
9189,10.976559216826807
9190,10.976559216826807
9191,10.976559216826807
9192,10.976559216826807
9193,10.976559216826807
9194,10.976559216826807
9195,10.976559216826807
9196,10.976559216826807
9197,10.976559216826807
9198,10.976559216826807
9199,10.976559216826807
9200,10.976559216826807
9201,10.976559216826807
9202,10.976559216826807
9203,10.976559216826807
9204,10.976559216826807
9205,10.976559216826807
9206,10.976559216826807
9207,10.976559216826807
9208,10.976559216826807
9209,10.976559216826807
9210,10.976559216826807
9211,10.976559216826807
9212,10.976559216826807
9213,10.976559216826807
9214,10.976559216826807
9215,10.976559216826807
9216,10.976559216826807
9217,10.976559216826807
9218,10.976559216826807
9219,10.976559216826807
9220,10.976559216826807
9221,10.976559216826807
9222,10.976559216826807
9223,10.976559216826807
9224,10.976559216826807
9225,10.976559216826807
9226,10.976559216826807
9227,10.976559216826807
9228,10.976559216826807
9229,10.976559216826807
9230,10.976559216826807
9231,10.976559216826807
9232,10.976559216826807
9233,10.976559216826807
9234,10.976559216826807
9235,10.976559216826807
9236,10.976559216826807
9237,10.976559216826807
9238,10.976559216826807
9239,10.976559216826807
9240,10.976559216826807
9241,10.976559216826807
9242,10.976559216826807
9243,10.976559216826807
9244,10.976559216826807
9245,10.976559216826807
9246,10.976559216826807
9247,10.976559216826807
9248,10.976559216826807
9249,10.976559216826807
9250,10.976559216826807
9251,10.976559216826807
9252,10.976559216826807
9253,10.976559216826807
9254,10.976559216826807
9255,10.976559216826807
9256,10.976559216826807
9257,10.976559216826807
9258,10.976559216826807
9259,10.976559216826807
9260,10.976559216826807
9261,10.976559216826807
9262,10.976559216826807
9263,10.976559216826807
9264,10.976559216826807
9265,10.976559216826807
9266,10.976559216826807
9267,10.976559216826807
9268,10.976559216826807
9269,10.976559216826807
9270,10.976559216826807
9271,10.976559216826807
9272,10.976559216826807
9273,10.976559216826807
9274,10.976559216826807
9275,10.976559216826807
9276,10.976559216826807
9277,10.976559216826807
9278,10.976559216826807
9279,10.976559216826807
9280,10.976559216826807
9281,10.976559216826807
9282,10.976559216826807
9283,10.976559216826807
9284,10.976559216826807
9285,10.976559216826807
9286,10.976559216826807
9287,10.976559216826807
9288,10.976559216826807
9289,10.976559216826807
9290,10.976559216826807
9291,10.976559216826807
9292,10.976559216826807
9293,10.976559216826807
9294,10.976559216826807
9295,10.976559216826807
9296,10.976559216826807
9297,10.976559216826807
9298,10.976559216826807
9299,10.976559216826807
9300,10.976559216826807
9301,10.976559216826807
9302,10.976559216826807
9303,10.976559216826807
9304,10.976559216826807
9305,10.976559216826807
9306,10.976559216826807
9307,10.976559216826807
9308,10.976559216826807
9309,10.976559216826807
9310,10.976559216826807
9311,10.976559216826807
9312,10.976559216826807
9313,10.976559216826807
9314,10.976559216826807
9315,10.976559216826807
9316,10.976559216826807
9317,10.976559216826807
9318,10.976559216826807
9319,10.976559216826807
9320,10.976559216826807
9321,10.976559216826807
9322,10.976559216826807
9323,10.976559216826807
9324,10.976559216826807
9325,10.976559216826807
9326,10.976559216826807
9327,10.976559216826807
9328,10.976559216826807
9329,10.976559216826807
9330,10.976559216826807
9331,10.976559216826807
9332,10.976559216826807
9333,10.976559216826807
9334,10.976559216826807
9335,10.976559216826807
9336,10.976559216826807
9337,10.976559216826807
9338,10.976559216826807
9339,10.976559216826807
9340,10.976559216826807
9341,10.976559216826807
9342,10.976559216826807
9343,10.976559216826807
9344,10.976559216826807
9345,10.976559216826807
9346,10.976559216826807
9347,10.976559216826807
9348,10.976559216826807
9349,10.976559216826807
9350,10.976559216826807
9351,10.976559216826807
9352,10.976559216826807
9353,10.976559216826807
9354,10.976559216826807
9355,10.976559216826807
9356,10.976559216826807
9357,10.976559216826807
9358,10.976559216826807
9359,10.976559216826807
9360,10.976559216826807
9361,10.976559216826807
9362,10.976559216826807
9363,10.976559216826807
9364,10.976559216826807
9365,10.976559216826807
9366,10.976559216826807
9367,10.976559216826807
9368,10.976559216826807
9369,10.976559216826807
9370,10.976559216826807
9371,10.976559216826807
9372,10.976559216826807
9373,10.976559216826807
9374,10.976559216826807
9375,10.976559216826807
9376,10.976559216826807
9377,10.976559216826807
9378,10.976559216826807
9379,10.976559216826807
9380,10.976559216826807
9381,10.976559216826807
9382,10.976559216826807
9383,10.976559216826807
9384,10.976559216826807
9385,10.976559216826807
9386,10.976559216826807
9387,10.976559216826807
9388,10.976559216826807
9389,10.976559216826807
9390,10.976559216826807
9391,10.976559216826807
9392,10.976559216826807
9393,10.976559216826807
9394,10.976559216826807
9395,10.976559216826807
9396,10.976559216826807
9397,10.976559216826807
9398,10.976559216826807
9399,10.976559216826807
9400,10.976559216826807
9401,10.976559216826807
9402,10.976559216826807
9403,10.976559216826807
9404,10.976559216826807
9405,10.976559216826807
9406,10.976559216826807
9407,10.976559216826807
9408,10.976559216826807
9409,10.976559216826807
9410,10.976559216826807
9411,10.976559216826807
9412,10.976559216826807
9413,10.976559216826807
9414,10.976559216826807
9415,10.976559216826807
9416,10.976559216826807
9417,10.976559216826807
9418,10.976559216826807
9419,10.976559216826807
9420,10.976559216826807
9421,10.976559216826807
9422,10.976559216826807
9423,10.976559216826807
9424,10.976559216826807
9425,10.976559216826807
9426,10.976559216826807
9427,10.976559216826807
9428,10.976559216826807
9429,10.976559216826807
9430,10.976559216826807
9431,10.976559216826807
9432,10.976559216826807
9433,10.936831714770726
9434,10.936831714770726
9435,10.936831714770726
9436,10.936831714770726
9437,10.936831714770726
9438,10.936831714770726
9439,10.936831714770726
9440,10.936831714770726
9441,10.936831714770726
9442,10.936831714770726
9443,10.936831714770726
9444,10.936831714770726
9445,10.936831714770726
9446,10.936831714770726
9447,10.936831714770726
9448,10.936831714770726
9449,10.936831714770726
9450,10.936831714770726
9451,10.936831714770726
9452,10.936831714770726
9453,10.936831714770726
9454,10.936831714770726
9455,10.936831714770726
9456,10.936831714770726
9457,10.936831714770726
9458,10.936831714770726
9459,10.936831714770726
9460,10.936831714770726
9461,10.936831714770726
9462,10.936831714770726
9463,10.936831714770726
9464,10.936831714770726
9465,10.936831714770726
9466,10.936831714770726
9467,10.936831714770726
9468,10.936831714770726
9469,10.936831714770726
9470,10.936831714770726
9471,10.936831714770726
9472,10.936831714770726
9473,10.936831714770726
9474,10.936831714770726
9475,10.936831714770726
9476,10.936831714770726
9477,10.936831714770726
9478,10.936831714770726
9479,10.936831714770726
9480,10.936831714770726
9481,10.936831714770726
9482,10.936831714770726
9483,10.936831714770726
9484,10.936831714770726
9485,10.936831714770726
9486,10.936831714770726
9487,10.936831714770726
9488,10.936831714770726
9489,10.936831714770726
9490,10.936831714770726
9491,10.936831714770726
9492,10.936831714770726
9493,10.936831714770726
9494,10.936831714770726
9495,10.936831714770726
9496,10.936831714770726
9497,10.936831714770726
9498,10.936831714770726
9499,10.936831714770726
9500,10.936831714770726
9501,10.936831714770726
9502,10.936831714770726
9503,10.936831714770726
9504,10.936831714770726
9505,10.936831714770726
9506,10.936831714770726
9507,10.936831714770726
9508,10.936831714770726
9509,10.936831714770726
9510,10.936831714770726
9511,10.936831714770726
9512,10.936831714770726
9513,10.936831714770726
9514,10.936831714770726
9515,10.936831714770726
9516,10.936831714770726
9517,10.936831714770726
9518,10.936831714770726
9519,10.936831714770726
9520,10.936831714770726
9521,10.936831714770726
9522,10.936831714770726
9523,10.936831714770726
9524,10.936831714770726
9525,10.936831714770726
9526,10.936831714770726
9527,10.936831714770726
9528,10.936831714770726
9529,10.936831714770726
9530,10.936831714770726
9531,10.936831714770726
9532,10.936831714770726
9533,10.936831714770726
9534,10.936831714770726
9535,10.936831714770726
9536,10.936831714770726
9537,10.936831714770726
9538,10.936831714770726
9539,10.936831714770726
9540,10.936831714770726
9541,10.936831714770726
9542,10.936831714770726
9543,10.936831714770726
9544,10.936831714770726
9545,10.936831714770726
9546,10.936831714770726
9547,10.936831714770726
9548,10.936831714770726
9549,10.936831714770726
9550,10.936831714770726
9551,10.936831714770726
9552,10.936831714770726
9553,10.936831714770726
9554,10.936831714770726
9555,10.936831714770726
9556,10.936831714770726
9557,10.936831714770726
9558,10.936831714770726
9559,10.936831714770726
9560,10.936831714770726
9561,10.936831714770726
9562,10.936831714770726
9563,10.936831714770726
9564,10.936831714770726
9565,10.936831714770726
9566,10.936831714770726
9567,10.936831714770726
9568,10.936831714770726
9569,10.936831714770726
9570,10.936831714770726
9571,10.936831714770726
9572,10.936831714770726
9573,10.936831714770726
9574,10.936831714770726
9575,10.936831714770726
9576,10.936831714770726
9577,10.936831714770726
9578,10.936831714770726
9579,10.936831714770726
9580,10.936831714770726
9581,10.936831714770726
9582,10.936831714770726
9583,10.936831714770726
9584,10.936831714770726
9585,10.936831714770726
9586,10.936831714770726
9587,10.936831714770726
9588,10.936831714770726
9589,10.936831714770726
9590,10.936831714770726
9591,10.936831714770726
9592,10.936831714770726
9593,10.936831714770726
9594,10.936831714770726
9595,10.936831714770726
9596,10.936831714770726
9597,10.936831714770726
9598,10.936831714770726
9599,10.936831714770726
9600,10.936831714770726
9601,10.936831714770726
9602,10.936831714770726
9603,10.936831714770726
9604,10.936831714770726
9605,10.936831714770726
9606,10.936831714770726
9607,10.936831714770726
9608,10.936831714770726
9609,10.936831714770726
9610,10.936831714770726
9611,10.936831714770726
9612,10.936831714770726
9613,10.936831714770726
9614,10.936831714770726
9615,10.936831714770726
9616,10.936831714770726
9617,10.936831714770726
9618,10.936831714770726
9619,10.936831714770726
9620,10.936831714770726
9621,10.936831714770726
9622,10.936831714770726
9623,10.936831714770726
9624,10.936831714770726
9625,10.936831714770726
9626,10.936831714770726
9627,10.936831714770726
9628,10.936831714770726
9629,10.936831714770726
9630,10.936831714770726
9631,10.936831714770726
9632,10.936831714770726
9633,10.936831714770726
9634,10.936831714770726
9635,10.936831714770726
9636,10.936831714770726
9637,10.936831714770726
9638,10.936831714770726
9639,10.936831714770726
9640,10.936831714770726
9641,10.936831714770726
9642,10.936831714770726
9643,10.936831714770726
9644,10.936831714770726
9645,10.936831714770726
9646,10.936831714770726
9647,10.936831714770726
9648,10.936831714770726
9649,10.936831714770726
9650,10.936831714770726
9651,10.936831714770726
9652,10.936831714770726
9653,10.936831714770726
9654,10.936831714770726
9655,10.936831714770726
9656,10.936831714770726
9657,10.936831714770726
9658,10.936831714770726
9659,10.936831714770726
9660,10.936831714770726
9661,10.936831714770726
9662,10.936831714770726
9663,10.936831714770726
9664,10.936831714770726
9665,10.936831714770726
9666,10.936831714770726
9667,10.936831714770726
9668,10.936831714770726
9669,10.936831714770726
9670,10.936831714770726
9671,10.936831714770726
9672,10.936831714770726
9673,10.936831714770726
9674,10.936831714770726
9675,10.936831714770726
9676,10.936831714770726
9677,10.936831714770726
9678,10.936831714770726
9679,10.936831714770726
9680,10.936831714770726
9681,10.936831714770726
9682,10.936831714770726
9683,10.936831714770726
9684,10.936831714770726
9685,10.936831714770726
9686,10.936831714770726
9687,10.936831714770726
9688,10.936831714770726
9689,10.936831714770726
9690,10.936831714770726
9691,10.936831714770726
9692,10.936831714770726
9693,10.936831714770726
9694,10.936831714770726
9695,10.936831714770726
9696,10.936831714770726
9697,10.936831714770726
9698,10.936831714770726
9699,10.936831714770726
9700,10.936831714770726
9701,10.936831714770726
9702,10.936831714770726
9703,10.936831714770726
9704,10.936831714770726
9705,10.936831714770726
9706,10.936831714770726
9707,10.936831714770726
9708,10.936831714770726
9709,10.936831714770726
9710,10.936831714770726
9711,10.936831714770726
9712,10.936831714770726
9713,10.936831714770726
9714,10.936831714770726
9715,10.936831714770726
9716,10.936831714770726
9717,10.936831714770726
9718,10.936831714770726
9719,10.936831714770726
9720,10.936831714770726
9721,10.936831714770726
9722,10.936831714770726
9723,10.936831714770726
9724,10.936831714770726
9725,10.936831714770726
9726,10.936831714770726
9727,10.936831714770726
9728,10.936831714770726
9729,10.936831714770726
9730,10.936831714770726
9731,10.936831714770726
9732,10.936831714770726
9733,10.936831714770726
9734,10.936831714770726
9735,10.936831714770726
9736,10.936831714770726
9737,10.936831714770726
9738,10.936831714770726
9739,10.936831714770726
9740,10.936831714770726
9741,10.936831714770726
9742,10.936831714770726
9743,10.936831714770726
9744,10.936831714770726
9745,10.936831714770726
9746,10.936831714770726
9747,10.936831714770726
9748,10.936831714770726
9749,10.936831714770726
9750,10.936831714770726
9751,10.936831714770726
9752,10.936831714770726
9753,10.936831714770726
9754,10.936831714770726
9755,10.936831714770726
9756,10.936831714770726
9757,10.936831714770726
9758,10.936831714770726
9759,10.936831714770726
9760,10.936831714770726
9761,10.936831714770726
9762,10.936831714770726
9763,10.936831714770726
9764,10.936831714770726
9765,10.936831714770726
9766,10.936831714770726
9767,10.936831714770726
9768,10.936831714770726
9769,10.936831714770726
9770,10.936831714770726
9771,10.936831714770726
9772,10.936831714770726
9773,10.936831714770726
9774,10.936831714770726
9775,10.936831714770726
9776,10.936831714770726
9777,10.936831714770726
9778,10.936831714770726
9779,10.936831714770726
9780,10.936831714770726
9781,10.936831714770726
9782,10.936831714770726
9783,10.936831714770726
9784,10.936831714770726
9785,10.936831714770726
9786,10.936831714770726
9787,10.936831714770726
9788,10.936831714770726
9789,10.936831714770726
9790,10.936831714770726
9791,10.936831714770726
9792,10.936831714770726
9793,10.936831714770726
9794,10.936831714770726
9795,10.936831714770726
9796,10.936831714770726
9797,10.936831714770726
9798,10.936831714770726
9799,10.936831714770726
9800,10.936831714770726
9801,10.936831714770726
9802,10.936831714770726
9803,10.936831714770726
9804,10.936831714770726
9805,10.936831714770726
9806,10.936831714770726
9807,10.936831714770726
9808,10.936831714770726
9809,10.936831714770726
9810,10.936831714770726
9811,10.936831714770726
9812,10.936831714770726
9813,10.936831714770726
9814,10.936831714770726
9815,10.936831714770726
9816,10.936831714770726
9817,10.936831714770726
9818,10.936831714770726
9819,10.936831714770726
9820,10.936831714770726
9821,10.936831714770726
9822,10.936831714770726
9823,10.936831714770726
9824,10.936831714770726
9825,10.936831714770726
9826,10.936831714770726
9827,10.936831714770726
9828,10.936831714770726
9829,10.936831714770726
9830,10.936831714770726
9831,10.936831714770726
9832,10.936831714770726
9833,10.936831714770726
9834,10.936831714770726
9835,10.936831714770726
9836,10.936831714770726
9837,10.936831714770726
9838,10.936831714770726
9839,10.936831714770726
9840,10.936831714770726
9841,10.936831714770726
9842,10.936831714770726
9843,10.936831714770726
9844,10.936831714770726
9845,10.936831714770726
9846,10.936831714770726
9847,10.936831714770726
9848,10.936831714770726
9849,10.936831714770726
9850,10.936831714770726
9851,10.936831714770726
9852,10.936831714770726
9853,10.936831714770726
9854,10.936831714770726
9855,10.936831714770726
9856,10.936831714770726
9857,10.936831714770726
9858,10.936831714770726
9859,10.936831714770726
9860,10.936831714770726
9861,10.936831714770726
9862,10.936831714770726
9863,10.936831714770726
9864,10.936831714770726
9865,10.936831714770726
9866,10.936831714770726
9867,10.936831714770726
9868,10.936831714770726
9869,10.936831714770726
9870,10.936831714770726
9871,10.936831714770726
9872,10.936831714770726
9873,10.936831714770726
9874,10.936831714770726
9875,10.936831714770726
9876,10.936831714770726
9877,10.936831714770726
9878,10.936831714770726
9879,10.936831714770726
9880,10.936831714770726
9881,10.936831714770726
9882,10.936831714770726
9883,10.936831714770726
9884,10.936831714770726
9885,10.936831714770726
9886,10.936831714770726
9887,10.936831714770726
9888,10.936831714770726
9889,10.936831714770726
9890,10.936831714770726
9891,10.936831714770726
9892,10.936831714770726
9893,10.936831714770726
9894,10.936831714770726
9895,10.936831714770726
9896,10.936831714770726
9897,10.936831714770726
9898,10.936831714770726
9899,10.936831714770726
9900,10.936831714770726
9901,10.936831714770726
9902,10.936831714770726
9903,10.936831714770726
9904,10.936831714770726
9905,10.936831714770726
9906,10.936831714770726
9907,10.936831714770726
9908,10.936831714770726
9909,10.936831714770726
9910,10.936831714770726
9911,10.936831714770726
9912,10.936831714770726
9913,10.936831714770726
9914,10.936831714770726
9915,10.936831714770726
9916,10.936831714770726
9917,10.936831714770726
9918,10.936831714770726
9919,10.936831714770726
9920,10.936831714770726
9921,10.936831714770726
9922,10.936831714770726
9923,10.936831714770726
9924,10.936831714770726
9925,10.936831714770726
9926,10.936831714770726
9927,10.936831714770726
9928,10.936831714770726
9929,10.936831714770726
9930,10.936831714770726
9931,10.936831714770726
9932,10.936831714770726
9933,10.936831714770726
9934,10.936831714770726
9935,10.936831714770726
9936,10.936831714770726
9937,10.936831714770726
9938,10.936831714770726
9939,10.936831714770726
9940,10.936831714770726
9941,10.936831714770726
9942,10.936831714770726
9943,10.936831714770726
9944,10.936831714770726
9945,10.936831714770726
9946,10.936831714770726
9947,10.936831714770726
9948,10.936831714770726
9949,10.936831714770726
9950,10.936831714770726
9951,10.936831714770726
9952,10.936831714770726
9953,10.936831714770726
9954,10.936831714770726
9955,10.936831714770726
9956,10.936831714770726
9957,10.936831714770726
9958,10.936831714770726
9959,10.936831714770726
9960,10.936831714770726
9961,10.936831714770726
9962,10.936831714770726
9963,10.936831714770726
9964,10.936831714770726
9965,10.936831714770726
9966,10.936831714770726
9967,10.936831714770726
9968,10.936831714770726
9969,10.936831714770726
9970,10.936831714770726
9971,10.936831714770726
9972,10.936831714770726
9973,10.936831714770726
9974,10.936831714770726
9975,10.936831714770726
9976,10.936831714770726
9977,10.936831714770726
9978,10.936831714770726
9979,10.936831714770726
9980,10.936831714770726
9981,10.936831714770726
9982,10.936831714770726
9983,10.936831714770726
9984,10.936831714770726
9985,10.936831714770726
9986,10.936831714770726
9987,10.936831714770726
9988,10.936831714770726
9989,10.936831714770726
9990,10.936831714770726
9991,10.936831714770726
9992,10.936831714770726
9993,10.936831714770726
9994,10.936831714770726
9995,10.936831714770726
9996,10.936831714770726
9997,10.936831714770726
9998,10.936831714770726
9999,10.936831714770726
10000,10.936831714770726
